Year, TreeDensity, Heigh, DBH, BA, MassW, MassW_ag, MassG, Litter, SOM, GPP, NPP , NEE, LAImax_W, LAImax_G, LAImean_W, LAImean_G, ccon, RO, Biome, ALD, ALD_DOY, Min_20yrMaxsnow, Max_snow
   1,    0.0,    0.0,    0.000,    0.000,   0.0,   0.0,   0.2,   0.0,   0.0,  0.0,  0.0,  -0.0, -0.0,  0.0,  0.0,  0.0,  0.0,  0.000, 371.2, 12, 20, 17,      0.00,      0.00
   2,    0.0,    0.0,    0.000,    0.000,   0.0,   0.0,   0.2,   0.0,   0.2,  0.0,  0.0,  -0.0, -0.0,  0.0,  0.0,  0.0,  0.0,  0.000, 693.7, 12,  0,  1,      0.00,    469.84
   3,    0.0,    0.0,    0.000,    0.000,   0.0,   0.0,   0.2,   0.0,   0.2,  0.0,  0.0,  -0.0, -0.0,  0.0,  0.0,  0.0,  0.0,  0.000, 767.9, 12,  0,  1,      0.00,    871.40
   4,    0.0,    0.0,    0.000,    0.000,   0.0,   0.0,   0.2,   0.0,   0.2,  0.0,  0.0,  -0.0, -0.0,  0.0,  0.0,  0.0,  0.0,  0.000, 782.0, 12,  0,  1,      0.00,   1315.98
   5,    0.0,    0.0,    0.000,    0.000,   0.0,   0.0,   0.2,   0.0,   0.1,  0.0,  0.0,  -0.0, -0.0,  0.0,  0.0,  0.0,  0.0,  0.000, 835.6, 12,  0,  1,      0.00,   1762.78
   6,    0.0,    0.0,    0.000,    0.000,   0.0,   0.0,   0.2,   0.0,   0.1,  0.0,  0.0,  -0.0, -0.0,  0.0,  0.0,  0.0,  0.0,  0.000, 882.3, 12,  0,  1,      0.00,   2232.72
   7,    0.0,    0.0,    0.000,    0.000,   0.0,   0.0,   0.2,   0.0,   0.1,  0.0,  0.0,  -0.0, -0.0,  0.0,  0.0,  0.0,  0.0,  0.000, 767.1, 12,  0,  1,      0.00,   2652.10
   8,    0.0,    0.0,    0.000,    0.000,   0.0,   0.0,   1.5,   1.0,   0.2,  0.0,  2.0,   1.4,  1.4,  0.0,  1.4,  0.0,  0.3,  0.200, 679.4, 12, 20,365,      0.00,   3099.36
   9,    0.0,    0.0,    0.000,    0.000,   0.0,   0.0,   5.6,   4.6,   1.8,  0.1,  8.7,   5.8,  5.7,  0.0,  2.8,  0.0,  2.0,  0.238, 830.6, 11, 20,365,      0.00,   3602.30
  10,    0.0,    0.0,    0.000,    0.000,   0.0,   0.0,   8.6,   7.5,   5.0,  0.2, 10.5,   6.6,  6.4,  0.0,  3.4,  0.0,  2.9,  0.437,1014.6, 11, 20,365,      0.00,   4102.72
  11,    0.0,    0.0,    0.000,    0.000,   0.0,   0.0,  10.0,   8.8,   8.9,  0.4,  9.8,   6.1,  5.5,  0.0,  3.4,  0.0,  2.9,  0.344, 908.0, 11, 20,365,      0.00,   4431.11
  12,    0.0,    0.0,    0.000,    0.000,   0.0,   0.0,  11.0,   9.8,  12.9,  0.8, 10.3,   6.3,  5.4,  0.0,  3.4,  0.0,  2.9,  0.229, 937.1, 11, 20,365,      0.00,   4783.70
  13,    0.0,    0.0,    0.000,    0.000,   0.0,   0.0,  11.4,  10.3,  16.9,  1.3, 10.1,   6.2,  4.9,  0.0,  3.4,  0.0,  2.9,  0.323, 937.9, 11, 20,365,      0.00,   5207.63
  14,    0.0,    0.0,    0.000,    0.000,   0.0,   0.0,  11.9,  10.7,  20.6,  1.9, 10.6,   6.4,  4.8,  0.0,  3.4,  0.0,  3.0,  0.210, 955.6, 11, 20,365,      0.00,   5566.87
  15,    0.0,    0.0,    0.000,    0.000,   0.0,   0.0,  12.0,  10.9,  24.1,  2.6, 10.4,   6.2,  4.3,  0.0,  3.4,  0.0,  3.0,  0.322,1031.5, 11, 20,365,      0.00,   5958.55
  16,    0.0,    0.0,    0.000,    0.000,   0.0,   0.0,  11.8,  10.7,  27.1,  3.5,  9.8,   5.9,  3.7,  0.0,  3.3,  0.0,  2.9,  0.390,1028.1, 11, 20,365,      0.00,   6285.63
  17,    0.0,    0.0,    0.000,    0.000,   0.0,   0.0,  12.2,  11.0,  29.9,  4.4, 10.7,   6.5,  4.1,  0.0,  3.4,  0.0,  3.0,  0.351, 976.5, 11, 20,365,      0.00,   6543.32
  18,    0.0,    0.0,    0.000,    0.000,   0.0,   0.0,  12.4,  11.2,  32.6,  5.3, 10.7,   6.5,  3.8,  0.0,  3.4,  0.0,  3.0,  0.300, 865.5, 11, 20,365,      0.00,   6871.97
  19,    0.0,    0.0,    0.000,    0.000,   0.0,   0.0,  12.4,  11.2,  35.0,  6.4, 10.6,   6.4,  3.5,  0.0,  3.4,  0.0,  3.0,  0.227,1023.6, 11, 20,365,      0.00,   7298.57
  20,    0.0,    0.0,    0.000,    0.000,   0.0,   0.0,  12.2,  11.1,  37.2,  7.4, 10.0,   6.1,  3.0,  0.0,  3.4,  0.0,  3.0,  0.278, 893.7, 11, 20,365,      0.00,   7713.47
  21,    0.0,    0.0,    0.000,    0.000,   0.0,   0.0,  12.1,  10.9,  39.0,  8.5, 10.0,   6.0,  2.8,  0.0,  3.4,  0.0,  2.9,  0.351, 895.8, 11, 20,365,    469.84,   7982.35
  22,    0.0,    0.0,    0.000,    0.000,   0.0,   0.0,  12.1,  10.9,  40.7,  9.6, 10.2,   6.2,  2.8,  0.0,  3.4,  0.0,  3.0,  0.352, 864.1, 11, 20,365,    871.40,   8380.07
  23,    0.0,    0.0,    0.000,    0.000,   0.0,   0.0,  12.1,  10.9,  42.2, 10.8, 10.2,   6.2,  2.7,  0.0,  3.4,  0.0,  3.0,  0.232, 901.8, 11, 20,365,   1315.98,   8787.02
  24,    0.0,    0.0,    0.000,    0.000,   0.0,   0.0,  12.4,  11.2,  43.7, 12.0, 10.9,   6.6,  2.9,  0.0,  3.4,  0.0,  3.0,  0.321, 975.6, 11, 20,365,   1762.78,   9169.87
  25,    0.0,    0.0,    0.000,    0.000,   0.0,   0.0,  12.8,  11.6,  45.1, 13.1, 11.3,   6.8,  3.1,  0.0,  3.4,  0.0,  3.0,  0.360,1043.7, 11, 20,365,   2232.72,   9567.55
  26,    0.0,    0.0,    0.000,    0.000,   0.0,   0.0,  12.8,  11.6,  46.6, 14.3, 10.7,   6.5,  2.6,  0.0,  3.4,  0.0,  3.0,  0.437, 856.6, 11, 20,365,   2652.10,   9866.87
  27,    0.0,    0.0,    0.000,    0.000,   0.0,   0.0,  12.7,  11.5,  47.9, 15.5, 10.6,   6.4,  2.4,  0.0,  3.5,  0.0,  3.0,  0.300, 823.0, 11, 20,365,   3099.36,  10239.97
  28,    0.0,    0.0,    0.000,    0.000,   0.0,   0.0,  12.6,  11.4,  49.1, 16.7, 10.5,   6.4,  2.3,  0.0,  3.4,  0.0,  3.0,  0.246, 842.2, 11, 20,365,   3602.30,  10691.20
  29,    0.0,    0.0,    0.000,    0.000,   0.0,   0.0,  12.5,  11.4,  50.1, 18.0, 10.6,   6.3,  2.1,  0.0,  3.5,  0.0,  3.0,  0.438,1014.9, 11, 20,365,   4102.72,  11155.49
  30,    0.0,    0.0,    0.000,    0.000,   0.0,   0.0,  12.2,  11.0,  50.9, 19.2,  9.8,   5.9,  1.6,  0.0,  3.4,  0.0,  2.9,  0.344, 906.7, 11, 20,365,   4431.11,  11488.12
  31,    0.0,    0.0,    0.000,    0.000,   0.0,   0.0,  12.2,  11.0,  51.5, 20.4, 10.3,   6.2,  1.9,  0.0,  3.4,  0.0,  2.9,  0.229, 936.1, 11, 20,365,   4783.70,  11844.68
  32,    0.0,    0.0,    0.000,    0.000,   0.0,   0.0,  12.1,  11.0,  52.1, 21.5, 10.2,   6.1,  1.7,  0.0,  3.4,  0.0,  2.9,  0.323, 936.7, 11, 20,365,   5207.63,  12273.47
  33,    0.0,    0.0,    0.000,    0.000,   0.0,   0.0,  12.3,  11.1,  52.7, 22.7, 10.6,   6.4,  1.9,  0.0,  3.4,  0.0,  3.0,  0.211, 954.5, 11, 20,365,   5566.87,  12636.94
  34,    0.0,    0.0,    0.000,    0.000,   0.0,   0.0,  12.2,  11.1,  53.3, 23.9, 10.4,   6.2,  1.7,  0.0,  3.4,  0.0,  3.0,  0.322,1032.1, 11, 20,365,   5958.55,  13032.13
  35,    0.0,    0.0,    0.000,    0.000,   0.0,   0.0,  11.9,  10.8,  53.8, 25.0,  9.8,   5.9,  1.3,  0.0,  3.3,  0.0,  2.9,  0.391,1028.8, 11, 20,365,   6285.63,  13361.69
  36,    0.0,    0.0,    0.000,    0.000,   0.0,   0.0,  12.3,  11.1,  54.3, 26.1, 10.7,   6.5,  1.9,  0.0,  3.4,  0.0,  3.0,  0.351, 975.9, 11, 20,365,   6543.32,  13620.77
  37,    0.0,    0.0,    0.000,    0.000,   0.0,   0.0,  12.4,  11.2,  54.9, 27.2, 10.7,   6.5,  1.9,  0.0,  3.4,  0.0,  3.0,  0.300, 863.9, 11, 20,365,   6871.97,  13951.48
  38,    0.0,    0.0,    0.000,    0.000,   0.0,   0.0,  12.4,  11.3,  55.5, 28.3, 10.6,   6.4,  1.7,  0.0,  3.4,  0.0,  3.0,  0.227,1023.7, 11, 20,365,   7298.57,  14381.44
  39,    0.0,    0.0,    0.000,    0.000,   0.0,   0.0,  12.2,  11.1,  56.0, 29.4, 10.0,   6.1,  1.4,  0.0,  3.4,  0.0,  3.0,  0.278, 893.0, 11, 20,365,   7713.47,  14799.38
  40,    0.0,    0.0,    0.000,    0.000,   0.0,   0.0,  12.1,  11.0,  56.3, 30.5, 10.0,   6.0,  1.3,  0.0,  3.4,  0.0,  2.9,  0.352, 894.9, 11, 20,365,   7982.35,  15069.40
  41,    0.0,    0.0,    0.000,    0.000,   0.0,   0.0,  12.1,  10.9,  56.7, 31.5, 10.2,   6.2,  1.4,  0.0,  3.4,  0.0,  3.0,  0.352, 863.2, 11, 20,365,   8380.07,  15469.79
  42,    0.0,    0.0,    0.000,    0.000,   0.0,   0.0,  12.1,  10.9,  57.1, 32.6, 10.2,   6.2,  1.4,  0.0,  3.4,  0.0,  3.0,  0.233, 901.1, 11, 20,365,   8787.02,  15879.28
  43,    0.0,    0.0,    0.000,    0.000,   0.0,   0.0,  12.4,  11.2,  57.5, 33.6, 10.9,   6.6,  1.8,  0.0,  3.4,  0.0,  3.0,  0.321, 975.3, 11, 20,365,   9169.87,  16263.73
  44,    0.0,    0.0,    0.000,    0.000,   0.0,   0.0,  12.8,  11.6,  58.1, 34.6, 11.3,   6.8,  2.0,  0.0,  3.4,  0.0,  3.0,  0.360,1043.7, 11, 20,365,   9567.55,  16663.60
  45,    0.0,    0.0,    0.000,    0.000,   0.0,   0.0,  12.8,  11.6,  58.7, 35.6, 10.7,   6.5,  1.6,  0.0,  3.5,  0.0,  3.0,  0.437, 855.7, 11, 20,365,   9866.87,  16964.14
  46,    0.0,    0.0,    0.000,    0.000,   0.0,   0.0,  12.7,  11.5,  59.4, 36.6, 10.6,   6.4,  1.5,  0.0,  3.5,  0.0,  3.0,  0.300, 822.0, 11, 20,365,  10239.97,  17338.87
  47,    0.0,    0.0,    0.000,    0.000,   0.0,   0.0,  12.6,  11.4,  59.9, 37.6, 10.5,   6.4,  1.4,  0.0,  3.4,  0.0,  3.0,  0.246, 841.5, 11, 20,365,  10691.20,  17792.35
  48,    0.0,    0.0,    0.000,    0.000,   0.0,   0.0,  12.5,  11.4,  60.3, 38.5, 10.6,   6.3,  1.3,  0.0,  3.5,  0.0,  3.0,  0.438,1015.0, 11, 20,365,  11155.49,  18258.62
  49,    0.0,    0.0,    0.000,    0.000,   0.0,   0.0,  12.2,  11.0,  60.6, 39.5,  9.8,   5.9,  0.9,  0.0,  3.4,  0.0,  2.9,  0.344, 906.3, 11, 20,365,  11488.12,  18592.28
  50,    0.0,    0.0,    0.000,    0.000,   0.0,   0.0,  12.2,  11.0,  60.8, 40.4, 10.3,   6.2,  1.2,  0.0,  3.4,  0.0,  3.0,  0.229, 935.8, 11, 20,365,  11844.68,  18949.88
  51,    0.0,    0.0,    0.000,    0.000,   0.0,   0.0,  12.1,  11.0,  61.1, 41.3, 10.2,   6.1,  1.1,  0.0,  3.4,  0.0,  2.9,  0.323, 936.3, 11, 20,365,  12273.47,  19379.84
  52,    0.0,    0.0,    0.000,    0.000,   0.0,   0.0,  12.3,  11.1,  61.3, 42.3, 10.6,   6.4,  1.3,  0.0,  3.4,  0.0,  3.0,  0.211, 954.2, 11, 20,365,  12636.94,  19744.51
  53,    0.0,    0.0,    0.000,    0.000,   0.0,   0.0,  12.2,  11.1,  61.6, 43.1, 10.4,   6.2,  1.1,  0.0,  3.4,  0.0,  3.0,  0.322,1032.3, 11, 20,365,  13032.13,  20140.75
  54,    0.0,    0.0,    0.000,    0.000,   0.0,   0.0,  11.9,  10.8,  61.7, 44.0,  9.8,   5.9,  0.7,  0.0,  3.3,  0.0,  2.9,  0.391,1029.1, 11, 20,365,  13361.69,  20471.10
  55,    0.0,    0.0,    0.000,    0.000,   0.0,   0.0,  12.3,  11.1,  61.9, 44.9, 10.7,   6.5,  1.4,  0.0,  3.4,  0.0,  3.0,  0.351, 975.7, 11, 20,365,  13620.77,  20730.75
  56,    0.0,    0.0,    0.000,    0.000,   0.0,   0.0,  12.4,  11.3,  62.3, 45.7, 10.7,   6.5,  1.4,  0.0,  3.4,  0.0,  3.0,  0.300, 863.4, 11, 20,365,  13951.48,  21062.03
  57,    0.0,    0.0,    0.000,    0.000,   0.0,   0.0,  12.4,  11.3,  62.7, 46.6, 10.6,   6.4,  1.2,  0.0,  3.4,  0.0,  3.0,  0.227,1023.8, 11, 20,365,  14381.44,  21493.08
  58,    0.0,    0.0,    0.000,    0.000,   0.0,   0.0,  12.2,  11.1,  63.0, 47.4, 10.0,   6.1,  0.9,  0.0,  3.4,  0.0,  3.0,  0.278, 892.7, 11, 20,365,  14799.38,  21911.98
  59,    0.0,    0.0,    0.000,    0.000,   0.0,   0.0,  12.1,  11.0,  63.2, 48.2, 10.0,   6.0,  0.9,  0.0,  3.4,  0.0,  2.9,  0.352, 894.6, 11, 20,365,  15069.40,  22182.38
  60,    0.0,    0.0,    0.000,    0.000,   0.0,   0.0,  12.1,  10.9,  63.4, 49.0, 10.2,   6.2,  1.0,  0.0,  3.4,  0.0,  3.0,  0.352, 862.8, 11, 20,365,  15469.79,  22583.79
  61,    0.0,    0.0,    0.000,    0.000,   0.0,   0.0,  12.1,  10.9,  63.6, 49.8, 10.2,   6.2,  1.0,  0.0,  3.4,  0.0,  3.0,  0.233, 900.8, 11, 20,365,  15879.28,  22994.29
  62,    0.0,    0.0,    0.000,    0.000,   0.0,   0.0,  12.5,  11.3,  63.9, 50.6, 10.9,   6.6,  1.4,  0.0,  3.4,  0.0,  3.0,  0.321, 975.1, 11, 20,365,  16263.73,  23379.35
  63,    0.0,    0.0,    0.000,    0.000,   0.0,   0.0,  12.8,  11.6,  64.3, 51.3, 11.3,   6.9,  1.6,  0.0,  3.4,  0.0,  3.1,  0.360,1043.7, 11, 20,365,  16663.60,  23780.06
  64,    0.0,    0.0,    0.000,    0.000,   0.0,   0.0,  12.8,  11.6,  64.8, 52.1, 10.7,   6.5,  1.2,  0.0,  3.5,  0.0,  3.0,  0.437, 855.4, 11, 20,365,  16964.14,  24080.85
  65,    0.0,    0.0,    0.000,    0.000,   0.0,   0.0,  12.7,  11.5,  65.3, 52.8, 10.6,   6.4,  1.2,  0.0,  3.5,  0.0,  3.0,  0.300, 821.6, 11, 20,365,  17338.87,  24456.29
  66,    0.0,    0.0,    0.000,    0.000,   0.0,   0.0,  12.6,  11.5,  65.8, 53.6, 10.5,   6.4,  1.1,  0.0,  3.5,  0.0,  3.0,  0.246, 841.1, 11, 20,365,  17792.35,  24910.76
  67,    0.0,    0.0,    0.000,    0.000,   0.0,   0.0,  12.5,  11.4,  66.1, 54.3, 10.6,   6.4,  1.0,  0.0,  3.5,  0.0,  3.0,  0.438,1015.0, 11, 20,365,  18258.62,  25377.85
  68,    0.0,    0.0,    0.000,    0.000,   0.0,   0.0,  12.2,  11.0,  66.3, 55.1,  9.8,   5.9,  0.6,  0.0,  3.4,  0.0,  2.9,  0.344, 906.1, 11, 20,365,  18592.28,  25711.99
  69,    0.0,    0.0,    0.000,    0.000,   0.0,   0.0,  12.2,  11.0,  66.5, 55.8, 10.3,   6.2,  0.9,  0.0,  3.4,  0.0,  3.0,  0.229, 935.7, 11, 20,365,  18949.88,  26070.04
  70,    0.0,    0.0,    0.000,    0.000,   0.0,   0.0,  12.1,  11.0,  66.6, 56.5, 10.2,   6.1,  0.8,  0.0,  3.4,  0.0,  2.9,  0.323, 936.2, 11, 20,365,  19379.84,  26500.61
  71,    0.0,    0.0,    0.000,    0.000,   0.0,   0.0,  12.3,  11.1,  66.8, 57.2, 10.6,   6.4,  1.0,  0.0,  3.4,  0.0,  3.0,  0.211, 954.0, 11, 20,365,  19744.51,  26865.86
  72,    0.0,    0.0,    0.000,    0.000,   0.0,   0.0,  12.2,  11.1,  67.0, 57.9, 10.4,   6.2,  0.8,  0.0,  3.4,  0.0,  3.0,  0.322,1032.3, 11, 20,365,  20140.75,  27262.62
  73,    0.0,    0.0,    0.000,    0.000,   0.0,   0.0,  12.0,  10.8,  67.1, 58.6,  9.8,   5.9,  0.5,  0.0,  3.4,  0.0,  2.9,  0.391,1029.2, 11, 20,365,  20471.10,  27593.42
  74,    0.0,    0.0,    0.000,    0.000,   0.0,   0.0,  12.3,  11.1,  67.2, 59.2, 10.7,   6.5,  1.1,  0.0,  3.4,  0.0,  3.0,  0.351, 975.6, 11, 20,365,  20730.75,  27853.37
  75,    0.0,    0.0,    0.000,    0.000,   0.0,   0.0,  12.4,  11.3,  67.5, 59.9, 10.7,   6.5,  1.1,  0.0,  3.4,  0.0,  3.0,  0.300, 863.1, 11, 20,365,  21062.03,  28184.94
  76,    0.0,    0.0,    0.000,    0.000,   0.0,   0.0,  12.4,  11.3,  67.8, 60.5, 10.6,   6.4,  1.0,  0.0,  3.4,  0.0,  3.0,  0.227,1023.8, 11, 20,365,  21493.08,  28616.53
  77,    0.0,    0.0,    0.000,    0.000,   0.0,   0.0,  12.2,  11.1,  68.1, 61.2, 10.1,   6.1,  0.7,  0.0,  3.4,  0.0,  3.0,  0.278, 892.6, 11, 20,365,  21911.98,  29036.02
  78,    0.0,    0.0,    0.000,    0.000,   0.0,   0.0,  12.1,  11.0,  68.2, 61.8, 10.0,   6.0,  0.6,  0.0,  3.4,  0.0,  2.9,  0.352, 894.5, 11, 20,365,  22182.38,  29306.66
  79,    0.0,    0.0,    0.000,    0.000,   0.0,   0.0,  12.1,  10.9,  68.4, 62.4, 10.2,   6.2,  0.8,  0.0,  3.4,  0.0,  3.0,  0.352, 862.6, 11, 20,365,  22583.79,  29708.56
  80,    0.0,    0.0,    0.000,    0.000,   0.0,   0.0,  12.1,  10.9,  68.5, 63.0, 10.2,   6.2,  0.8,  0.0,  3.4,  0.0,  3.0,  0.233, 900.7, 11, 20,365,  22994.29,  30119.60
  81,    0.0,    0.0,    0.000,    0.000,   0.0,   0.0,  12.5,  11.3,  68.7, 63.7, 10.9,   6.6,  1.2,  0.0,  3.4,  0.0,  3.0,  0.321, 975.1, 11, 20,365,  23379.35,  30505.03
  82,    0.0,    0.0,    0.000,    0.000,   0.0,   0.0,  12.8,  11.6,  69.2, 64.3, 11.3,   6.9,  1.4,  0.0,  3.4,  0.0,  3.1,  0.360,1043.7, 11, 20,365,  23780.06,  30906.20
  83,    0.0,    0.0,    0.000,    0.000,   0.0,   0.0,  12.8,  11.6,  69.6, 64.9, 10.7,   6.5,  1.0,  0.0,  3.5,  0.0,  3.0,  0.437, 855.2, 11, 20,365,  24080.85,  31207.22
  84,    0.0,    0.0,    0.000,    0.000,   0.0,   0.0,  12.7,  11.5,  70.1, 65.5, 10.6,   6.4,  1.0,  0.0,  3.5,  0.0,  3.0,  0.300, 821.3, 11, 20,365,  24456.29,  31582.99
  85,    0.0,    0.0,    0.000,    0.000,   0.0,   0.0,  12.6,  11.5,  70.5, 66.1, 10.5,   6.4,  0.9,  0.0,  3.5,  0.0,  3.0,  0.246, 841.0, 11, 20,365,  24910.76,  32038.07
  86,    0.0,    0.0,    0.000,    0.000,   0.0,   0.0,  12.5,  11.4,  70.8, 66.6, 10.6,   6.4,  0.8,  0.0,  3.5,  0.0,  3.0,  0.438,1015.0, 11, 20,365,  25377.85,  32505.74
  87,    0.0,    0.0,    0.000,    0.000,   0.0,   0.0,  12.2,  11.0,  71.0, 67.2,  9.8,   5.9,  0.4,  0.0,  3.4,  0.0,  2.9,  0.345, 906.0, 11, 20,365,  25711.99,  32840.14
  88,    0.0,    0.0,    0.000,    0.000,   0.0,   0.0,  12.2,  11.0,  71.1, 67.8, 10.3,   6.2,  0.7,  0.0,  3.4,  0.0,  3.0,  0.229, 935.6, 11, 20,365,  26070.04,  33198.27
  89,    0.0,    0.0,    0.000,    0.000,   0.0,   0.0,  12.1,  11.0,  71.1, 68.4, 10.2,   6.1,  0.6,  0.0,  3.4,  0.0,  2.9,  0.323, 936.1, 11, 20,365,  26500.61,  33629.13
  90,    0.0,    0.0,    0.000,    0.000,   0.0,   0.0,  12.3,  11.1,  71.3, 68.9, 10.6,   6.4,  0.9,  0.0,  3.4,  0.0,  3.0,  0.211, 953.9, 11, 20,365,  26865.86,  33994.57
  91,    0.0,    0.0,    0.000,    0.000,   0.0,   0.0,  12.2,  11.1,  71.5, 69.5, 10.4,   6.2,  0.7,  0.0,  3.4,  0.0,  3.0,  0.322,1032.4, 11, 20,365,  27262.62,  34391.52
  92,    0.0,    0.0,    0.000,    0.000,   0.0,   0.0,  12.0,  10.8,  71.5, 70.0,  9.8,   5.9,  0.3,  0.0,  3.4,  0.0,  2.9,  0.391,1029.3, 11, 20,365,  27593.42,  34722.33
  93,    0.0,    0.0,    0.000,    0.000,   0.0,   0.0,  12.3,  11.1,  71.6, 70.6, 10.7,   6.5,  1.0,  0.0,  3.4,  0.0,  3.0,  0.351, 975.5, 11, 20,365,  27853.37,  34982.16
  94,    0.0,    0.0,    0.000,    0.000,   0.0,   0.0,  12.4,  11.3,  71.9, 71.1, 10.7,   6.5,  1.0,  0.0,  3.4,  0.0,  3.0,  0.300, 862.9, 11, 20,365,  28184.94,  35313.98
  95,    0.0,    0.0,    0.000,    0.000,   0.0,   0.0,  12.4,  11.3,  72.2, 71.6, 10.6,   6.4,  0.8,  0.0,  3.4,  0.0,  3.0,  0.227,1023.8, 11, 20,365,  28616.53,  35746.14
  96,    0.0,    0.0,    0.000,    0.000,   0.0,   0.0,  12.2,  11.1,  72.4, 72.1, 10.1,   6.1,  0.5,  0.0,  3.4,  0.0,  3.0,  0.278, 892.5, 11, 20,365,  29036.02,  36165.93
  97,    0.0,    0.0,    0.000,    0.000,   0.0,   0.0,  12.1,  11.0,  72.5, 72.7, 10.0,   6.0,  0.5,  0.0,  3.4,  0.0,  2.9,  0.352, 894.4, 11, 20,365,  29306.66,  36436.64
  98,    0.0,    0.0,    0.000,    0.000,   0.0,   0.0,  12.1,  10.9,  72.6, 73.2, 10.2,   6.2,  0.6,  0.0,  3.4,  0.0,  3.0,  0.353, 862.5, 11, 20,365,  29708.56,  36838.82
  99,    0.0,    0.0,    0.000,    0.000,   0.0,   0.0,  12.1,  10.9,  72.8, 73.7, 10.2,   6.2,  0.6,  0.0,  3.4,  0.0,  3.0,  0.233, 900.6, 11, 20,365,  30119.60,  37250.59
 100,    0.0,    0.0,    0.000,    0.000,   0.0,   0.0,  12.5,  11.3,  72.9, 74.2, 10.9,   6.6,  1.0,  0.0,  3.4,  0.0,  3.0,  0.321, 975.0, 11, 20,365,  30505.03,  37636.32
 101,    0.0,    0.0,    0.000,    0.000,   0.0,   0.0,  12.8,  11.6,  73.3, 74.6, 11.3,   6.9,  1.3,  0.0,  3.4,  0.0,  3.1,  0.360,1043.7, 11, 20,365,  30906.20,  38037.85
 102,    0.0,    0.0,    0.000,    0.000,   0.0,   0.0,  12.8,  11.6,  73.8, 75.1, 10.7,   6.5,  0.9,  0.0,  3.5,  0.0,  3.0,  0.437, 855.1, 11, 20,365,  31207.22,  38338.89
 103,    0.0,    0.0,    0.000,    0.000,   0.0,   0.0,  12.7,  11.5,  74.2, 75.6, 10.6,   6.4,  0.8,  0.0,  3.5,  0.0,  3.1,  0.300, 821.2, 11, 20,365,  31582.99,  38715.09
 104,    0.0,    0.0,    0.000,    0.000,   0.0,   0.0,  12.6,  11.5,  74.5, 76.1, 10.5,   6.4,  0.8,  0.0,  3.5,  0.0,  3.0,  0.246, 840.8, 11, 20,365,  32038.07,  39170.50
 105,    0.0,    0.0,    0.000,    0.000,   0.0,   0.0,  12.5,  11.4,  74.8, 76.6, 10.6,   6.4,  0.7,  0.0,  3.5,  0.0,  3.0,  0.438,1015.0, 11, 20,365,  32505.74,  39638.48
 106,    0.0,    0.0,    0.000,    0.000,   0.0,   0.0,  12.2,  11.0,  75.0, 77.1,  9.8,   5.9,  0.3,  0.0,  3.4,  0.0,  2.9,  0.345, 906.0, 11, 20,365,  32840.14,  39973.07
 107,    0.0,    0.0,    0.000,    0.000,   0.0,   0.0,  12.2,  11.0,  75.0, 77.6, 10.3,   6.2,  0.6,  0.0,  3.4,  0.0,  3.0,  0.229, 935.6, 11, 20,365,  33198.27,  40331.39
 108,    0.0,    0.0,    0.000,    0.000,   0.0,   0.0,  12.1,  11.0,  75.1, 78.1, 10.2,   6.1,  0.5,  0.0,  3.4,  0.0,  2.9,  0.323, 936.0, 11, 20,365,  33629.13,  40762.47
 109,    0.0,    0.0,    0.000,    0.000,   0.0,   0.0,  12.3,  11.1,  75.2, 78.5, 10.6,   6.4,  0.7,  0.0,  3.4,  0.0,  3.0,  0.211, 953.9, 11, 20,365,  33994.57,  41128.19
 110,    0.0,    0.0,    0.000,    0.000,   0.0,   0.0,  12.3,  11.1,  75.3, 79.0, 10.4,   6.2,  0.5,  0.0,  3.4,  0.0,  3.0,  0.322,1032.4, 11, 20,365,  34391.52,  41525.26
 111,    0.0,    0.0,    0.000,    0.000,   0.0,   0.0,  12.0,  10.8,  75.3, 79.4,  9.8,   5.9,  0.2,  0.0,  3.4,  0.0,  2.9,  0.391,1029.3, 11, 20,365,  34722.33,  41856.28
 112,    0.0,    0.0,    0.000,    0.000,   0.0,   0.0,  12.3,  11.1,  75.4, 79.9, 10.7,   6.5,  0.8,  0.0,  3.4,  0.0,  3.0,  0.351, 975.5, 11, 20,365,  34982.16,  42116.16
 113,    0.0,    0.0,    0.000,    0.000,   0.0,   0.0,  12.4,  11.3,  75.6, 80.3, 10.7,   6.5,  0.8,  0.0,  3.4,  0.0,  3.0,  0.300, 862.8, 11, 20,365,  35313.98,  42448.07
 114,    0.0,    0.0,    0.000,    0.000,   0.0,   0.0,  12.4,  11.3,  75.9, 80.8, 10.6,   6.4,  0.7,  0.0,  3.4,  0.0,  3.0,  0.227,1023.8, 11, 20,365,  35746.14,  42880.43
 115,    0.0,    0.0,    0.000,    0.000,   0.0,   0.0,  12.2,  11.1,  76.0, 81.2, 10.1,   6.1,  0.4,  0.0,  3.4,  0.0,  3.0,  0.278, 892.4, 11, 20,365,  36165.93,  43300.48
 116,    0.0,    0.0,    0.000,    0.000,   0.0,   0.0,  12.1,  11.0,  76.1, 81.6, 10.0,   6.0,  0.4,  0.0,  3.4,  0.0,  2.9,  0.352, 894.3, 11, 20,365,  36436.64,  43571.26
 117,    0.0,    0.0,    0.000,    0.000,   0.0,   0.0,  12.0,  10.8,  76.2, 82.0, 10.0,   6.0,  0.4,  0.0,  3.4,  0.0,  3.0,  0.352, 862.4, 11, 20,365,  36838.82,  43973.61
 118,    0.0,    0.0,    0.000,    0.000,   0.0,   0.0,  12.0,  10.8,  76.2, 82.4, 10.0,   6.0,  0.4,  0.0,  3.4,  0.0,  2.9,  0.232, 900.6, 11, 20,365,  37250.59,  44385.58
 119,    0.0,    0.0,    0.000,    0.000,   0.0,   0.0,  12.3,  11.1,  76.2, 82.9, 10.7,   6.5,  0.8,  0.0,  3.4,  0.0,  3.0,  0.321, 975.0, 11, 20,365,  37636.32,  44771.46
 120,    0.0,    0.0,    0.000,    0.000,   0.0,   0.0,  12.4,  11.3,  76.4, 83.3, 10.8,   6.5,  0.8,  0.0,  3.4,  0.0,  3.0,  0.358,1043.7, 11, 20,365,  38037.85,  45173.11
