   yr  doy    air   soil  cloud    prec   rh  vp/vpsat   wind  rad_short  rad_long
    1    1   25.7   -4.6 1.00    0.00  66.6   0.666    0.0    0.0    0.0
    1    2   25.2   -4.6 1.00    0.00  68.0   0.680    0.0    0.0    0.0
    1    3   25.1   -4.4 1.00    0.00  77.3   0.773    0.0    0.0    0.0
    1    4   25.0   -4.3 1.00    0.00  68.7   0.687    0.0    0.0    0.0
    1    5   24.0   -4.2 1.00    0.00  92.3   0.923    0.0    0.0    0.0
    1    6   24.8   -4.2 1.00    0.00  84.4   0.844    0.0    0.0    0.0
    1    7   24.5   -4.1 1.00    0.00  85.9   0.859    0.0    0.0    0.0
    1    8   24.1   -4.0 1.00    0.00  77.8   0.778    0.0    0.0    0.0
    1    9   23.4   -4.0 1.00    0.00  83.5   0.835    0.0    0.0    0.0
    1   10   22.7   -4.0 1.00    0.00  77.5   0.775    0.0    0.0    0.0
    1   11   22.0   -3.9 1.00    0.00  74.4   0.744    0.0    0.0    0.0
    1   12   21.9   -3.9 1.00    0.00  73.3   0.733    0.0    0.0    0.0
    1   13   21.9   -3.9 1.00    0.00  75.4   0.754    0.0    0.0    0.0
    1   14   22.5   -3.8 1.00    0.00  83.7   0.837    0.0    0.0    0.0
    1   15   23.4   -3.8 1.00    0.00  93.4   0.934    0.0    0.0    0.0
    1   16   21.6   -3.8 1.00    0.00  92.6   0.926    0.0    0.0    0.0
    1   17   21.5   -3.7 1.00    0.00  75.2   0.752    0.0    0.0    0.0
    1   18   21.3   -3.7 1.00    0.00  76.7   0.767    0.0    0.0    0.0
    1   19   21.2   -3.7 1.00    0.00  70.6   0.706    0.0    0.0    0.0
    1   20   22.1   -3.6 1.00    0.00  95.0   0.950    0.0    0.0    0.0
    1   21   22.3   -3.6 1.00    0.00  86.3   0.863    0.0    0.0    0.0
    1   22   23.2   -3.5 1.00    0.00  88.0   0.880    0.0    0.0    0.0
    1   23   22.5   -3.5 1.00    0.00  88.4   0.884    0.0    0.0    0.0
    1   24   21.6   -3.5 1.00    0.00  79.4   0.794    0.0    0.0    0.0
    1   25   21.2   -3.4 1.00    0.00  79.6   0.796    0.0    0.0    0.0
    1   26   21.0   -3.4 1.00    0.00  78.4   0.784    0.0    0.0    0.0
    1   27   19.9   -3.4 1.00    0.00  78.3   0.783    0.0    0.0    0.0
    1   28   19.0   -3.4 1.00    0.00  82.0   0.820    0.0    0.0    0.0
    1   29   20.0   -3.4 1.00    0.00  82.9   0.829    0.0    0.0    0.0
    1   30   19.8   -3.3 1.00    0.00  82.1   0.821    0.0    0.0    0.0
    1   31   19.4   -3.3 1.00    0.00  72.0   0.720    0.0    0.0    0.0
    1   32   20.4   -3.3 1.00    0.00  91.0   0.910    0.0    0.0    0.0
    1   33   19.4   -3.3 1.00    0.00  91.6   0.916    0.0    0.0    0.0
    1   34   20.0   -3.3 1.00    0.00  84.8   0.848    0.0    0.0    0.0
    1   35   19.1   -3.2 1.00    0.00  82.5   0.825    0.0    0.0    0.0
    1   36   18.5   -3.2 1.00    0.00  78.0   0.780    0.0    0.0    0.0
    1   37   19.6   -3.2 1.00    0.00  84.1   0.841    0.0    0.0    0.0
    1   38   19.6   -3.2 1.00    0.00  88.8   0.888    0.0    0.0    0.0
    1   39   16.8   -3.2 1.00    0.00  78.6   0.786    0.0    0.0    0.0
    1   40   18.3   -3.2 1.00    0.00  81.3   0.813    0.0    0.0    0.0
    1   41   18.0   -3.2 1.00    0.00  77.4   0.774    0.0    0.0    0.0
    1   42   14.3   -3.2 1.00    0.00  80.2   0.802    0.0    0.0    0.0
    1   43   15.8   -3.2 1.00    0.00  91.7   0.917    0.0    0.0    0.0
    1   44   17.6   -3.2 1.00    0.00  77.7   0.777    0.0    0.0    0.0
    1   45   17.9   -3.2 1.00    0.00  76.8   0.768    0.0    0.0    0.0
    1   46   16.8   -3.2 1.00    0.00  86.1   0.861    0.0    0.0    0.0
    1   47   17.5   -3.2 1.00    0.00  64.4   0.644    0.0    0.0    0.0
    1   48   18.0   -3.2 1.00    0.00  83.3   0.833    0.0    0.0    0.0
    1   49   15.0   -3.2 1.00    0.00  95.7   0.957    0.0    0.0    0.0
    1   50   13.8   -3.2 1.00    0.00  89.0   0.890    0.0    0.0    0.0
    1   51   15.2   -3.2 1.00    0.00  80.0   0.800    0.0    0.0    0.0
    1   52   12.3   -3.2 1.00    0.00  80.2   0.802    0.0    0.0    0.0
    1   53   13.8   -3.2 1.00    0.00  83.2   0.832    0.0    0.0    0.0
    1   54   13.5   -3.2 1.00    0.00  88.5   0.885    0.0    0.0    0.0
    1   55   12.2   -3.2 1.00    0.00  84.4   0.844    0.0    0.0    0.0
    1   56   16.0   -3.2 1.00    0.00  87.1   0.871    0.0    0.0    0.0
    1   57   12.9   -3.2 1.00    0.00  77.0   0.770    0.0    0.0    0.0
    1   58   11.1   -3.2 1.00    0.00  78.1   0.781    0.0    0.0    0.0
    1   59   15.2   -3.3 1.00    0.00  88.3   0.883    0.0    0.0    0.0
    1   60   14.1   -3.3 1.00    0.00  93.2   0.932    0.0    0.0    0.0
    1   61   11.6   -3.3 1.00    0.00  94.0   0.940    0.0    0.0    0.0
    1   62   13.6   -3.3 1.00    0.00  84.9   0.849    0.0    0.0    0.0
    1   63   16.7   -3.3 1.00    0.00  73.0   0.730    0.0    0.0    0.0
    1   64   14.3   -3.3 1.00    0.00  87.2   0.872    0.0    0.0    0.0
    1   65   11.4   -3.3 1.00    0.00  81.0   0.810    0.0    0.0    0.0
    1   66    9.4   -3.3 1.00    0.00  75.2   0.752    0.0    0.0    0.0
    1   67    8.6   -3.3 1.00    0.00  76.2   0.762    0.0    0.0    0.0
    1   68   10.8   -3.3 1.00    0.00  70.6   0.706    0.0    0.0    0.0
    1   69   12.3   -3.4 1.00    0.00  87.6   0.876    0.0    0.0    0.0
    1   70   12.5   -3.4 1.00    0.00  81.8   0.818    0.0    0.0    0.0
    1   71   11.2   -3.4 1.00    0.00  89.0   0.890    0.0    0.0    0.0
    1   72   13.2   -3.4 1.00    0.00  87.3   0.873    0.0    0.0    0.0
    1   73   12.1   -3.4 1.00    0.00  81.6   0.816    0.0    0.0    0.0
    1   74   10.9   -3.4 1.00    0.00  76.7   0.767    0.0    0.0    0.0
    1   75   10.0   -3.4 1.00    0.00  87.9   0.879    0.0    0.0    0.0
    1   76    8.4   -3.4 1.00    0.00  83.8   0.838    0.0    0.0    0.0
    1   77   10.9   -3.4 1.00    0.00  88.6   0.886    0.0    0.0    0.0
    1   78   10.7   -3.4 1.00    0.00  91.2   0.912    0.0    0.0    0.0
    1   79    9.6   -3.5 1.00    0.00  84.6   0.846    0.0    0.0    0.0
    1   80    8.3   -3.5 1.00    0.00  84.8   0.848    0.0    0.0    0.0
    1   81    8.0   -3.5 1.00    0.00  85.2   0.852    0.0    0.0    0.0
    1   82    9.2   -3.5 1.00    0.00  84.4   0.844    0.0    0.0    0.0
    1   83    9.7   -3.5 1.00    0.00  84.1   0.841    0.0    0.0    0.0
    1   84   13.0   -3.5 1.00    0.00  84.7   0.847    0.0    0.0    0.0
    1   85    8.3   -3.5 1.00    0.00  86.1   0.861    0.0    0.0    0.0
    1   86    9.6   -3.6 1.00    0.00  87.7   0.877    0.0    0.0    0.0
    1   87   12.6   -3.6 1.00    0.00  86.1   0.861    0.0    0.0    0.0
    1   88    8.3   -3.6 1.00    0.00  86.7   0.867    0.0    0.0    0.0
    1   89    7.2   -3.6 1.00    0.00  87.4   0.874    0.0    0.0    0.0
    1   90    2.5   -3.6 1.00    0.00  85.6   0.856    0.0    0.0    0.0
    1   91    3.2   -3.7 1.00    0.00  77.4   0.774    0.0    0.0    0.0
    1   92    6.1   -3.7 1.00    0.00  83.5   0.835    0.0    0.0    0.0
    1   93    6.4   -3.7 1.00    0.00  84.3   0.843    0.0    0.0    0.0
    1   94    6.8   -3.8 1.00    0.00  84.1   0.841    0.0    0.0    0.0
    1   95    7.4   -3.8 1.00    0.00  76.0   0.760    0.0    0.0    0.0
    1   96    8.5   -3.8 1.00    0.00  82.1   0.821    0.0    0.0    0.0
    1   97    7.2   -3.8 1.00    0.00  85.5   0.855    0.0    0.0    0.0
    1   98    5.8   -3.8 1.00    0.00  84.4   0.844    0.0    0.0    0.0
    1   99    6.3   -3.8 1.00    0.00  87.2   0.872    0.0    0.0    0.0
    1  100    4.5   -3.9 1.00    0.00  87.0   0.870    0.0    0.0    0.0
    1  101   -0.3   -3.9 1.00    0.00  86.9   0.869    0.0    0.0    0.0
    1  102    1.0   -4.0 1.00    0.00  86.7   0.867    0.0    0.0    0.0
    1  103    3.8   -4.0 1.00    0.00  84.3   0.843    0.0    0.0    0.0
    1  104    1.8   -4.0 1.00    0.00  86.8   0.868    0.0    0.0    0.0
    1  105   -0.0   -4.1 1.00    0.00  88.3   0.883    0.0    0.0    0.0
    1  106   -1.2   -4.1 1.00    0.00  85.5   0.855    0.0    0.0    0.0
    1  107   -2.3   -4.2 1.00    0.00  83.9   0.839    0.0    0.0    0.0
    1  108   -0.1   -4.2 1.00    0.00  86.0   0.860    0.0    0.0    0.0
    1  109    1.7   -4.3 1.00    0.00  86.9   0.869    0.0    0.0    0.0
    1  110    1.8   -4.3 1.00    0.00  85.3   0.853    0.0    0.0    0.0
    1  111    2.9   -4.3 1.00    0.00  86.1   0.861    0.0    0.0    0.0
    1  112    3.0   -4.3 1.00    0.00  85.4   0.854    0.0    0.0    0.0
    1  113    2.1   -4.3 1.00    0.00  85.0   0.850    0.0    0.0    0.0
    1  114    4.0   -4.3 1.00    0.00  86.3   0.863    0.0    0.0    0.0
    1  115    2.9   -4.4 1.00    0.00  85.0   0.850    0.0    0.0    0.0
    1  116    1.2   -4.4 1.00    0.00  87.8   0.878    0.0    0.0    0.0
    1  117    0.6   -4.4 1.00    0.00  86.9   0.869    0.0    0.0    0.0
    1  118    2.0   -4.4 1.00    0.00  83.6   0.836    0.0    0.0    0.0
    1  119    2.1   -4.4 1.00    0.00  86.5   0.865    0.0    0.0    0.0
    1  120    5.9   -4.4 1.00    0.00  89.2   0.892    0.0    0.0    0.0
    1  121    4.5   -4.4 1.00    0.00  88.2   0.882    0.0    0.0    0.0
    1  122    3.1   -4.5 1.00    0.00  87.9   0.879    0.0    0.0    0.0
    1  123    1.7   -4.5 1.00    0.00  85.8   0.858    0.0    0.0    0.0
    1  124    0.2   -4.5 1.00    0.00  86.5   0.865    0.0    0.0    0.0
    1  125   -0.4   -4.5 1.00    0.00  88.7   0.887    0.0    0.0    0.0
    1  126   -0.4   -4.6 1.00    0.00  86.5   0.865    0.0    0.0    0.0
    1  127   -2.0   -4.6 1.00    0.00  89.5   0.895    0.0    0.0    0.0
    1  128   -3.1   -4.7 1.00    0.00  86.1   0.861    0.0    0.0    0.0
    1  129   -1.2   -4.7 1.00    0.00  88.4   0.884    0.0    0.0    0.0
    1  130   -2.7   -4.7 1.00    0.00  88.5   0.885    0.0    0.0    0.0
    1  131   -2.8   -4.8 1.00    0.00  84.5   0.845    0.0    0.0    0.0
    1  132   -0.7   -4.8 1.00    0.00  84.8   0.848    0.0    0.0    0.0
    1  133   -0.4   -4.8 1.00    0.00  84.7   0.847    0.0    0.0    0.0
    1  134    0.3   -4.8 1.00    0.00  83.8   0.838    0.0    0.0    0.0
    1  135    2.1   -4.8 1.00    0.00  83.3   0.833    0.0    0.0    0.0
    1  136    2.4   -4.8 1.00    0.00  85.1   0.851    0.0    0.0    0.0
    1  137   -0.7   -4.8 1.00    0.00  84.9   0.849    0.0    0.0    0.0
    1  138    0.2   -4.9 1.00    0.00  85.7   0.857    0.0    0.0    0.0
    1  139    0.9   -4.9 1.00    0.00  85.2   0.852    0.0    0.0    0.0
    1  140   -1.8   -4.9 1.00    0.00  83.8   0.838    0.0    0.0    0.0
    1  141   -3.1   -4.9 1.00    0.00  85.3   0.853    0.0    0.0    0.0
    1  142   -2.9   -5.0 1.00    0.00  86.2   0.862    0.0    0.0    0.0
    1  143   -2.8   -5.0 1.00    0.00  85.0   0.850    0.0    0.0    0.0
    1  144   -2.0   -5.0 1.00    0.00  81.3   0.813    0.0    0.0    0.0
    1  145   -2.9   -5.1 1.00    0.00  85.4   0.854    0.0    0.0    0.0
    1  146   -3.9   -5.1 1.00    0.00  74.8   0.748    0.0    0.0    0.0
    1  147   -1.7   -5.1 1.00    0.00  79.5   0.795    0.0    0.0    0.0
    1  148   -0.5   -5.1 1.00    0.00  87.0   0.870    0.0    0.0    0.0
    1  149   -2.3   -5.2 1.00    0.00  72.5   0.725    0.0    0.0    0.0
    1  150   -2.5   -5.2 1.00    0.00  77.6   0.776    0.0    0.0    0.0
    1  151   -3.7   -5.2 1.00    0.00  86.2   0.862    0.0    0.0    0.0
    1  152   -4.0   -5.2 1.00    0.00  86.3   0.863    0.0    0.0    0.0
    1  153   -5.0   -5.3 1.00    0.00  85.0   0.850    0.0    0.0    0.0
    1  154   -3.9   -5.3 1.00    0.00  80.2   0.802    0.0    0.0    0.0
    1  155   -4.0   -5.3 1.00    0.00  84.8   0.848    0.0    0.0    0.0
    1  156   -3.8   -5.4 1.00    0.00  83.2   0.832    0.0    0.0    0.0
    1  157   -3.5   -5.4 1.00    0.00  88.4   0.884    0.0    0.0    0.0
    1  158   -1.6   -5.4 1.00    0.00  86.8   0.868    0.0    0.0    0.0
    1  159   -1.7   -5.4 1.00    0.00  89.8   0.898    0.0    0.0    0.0
    1  160   -2.1   -5.4 1.00    0.00  88.3   0.883    0.0    0.0    0.0
    1  161   -3.4   -5.4 1.00    0.00  88.4   0.884    0.0    0.0    0.0
    1  162   -7.0   -5.5 1.00    0.00  88.1   0.881    0.0    0.0    0.0
    1  163   -5.1   -5.5 1.00    0.00  86.8   0.868    0.0    0.0    0.0
    1  164   -2.5   -5.5 1.00    0.00  81.6   0.816    0.0    0.0    0.0
    1  165   -2.0   -5.5 1.00    0.00  92.3   0.923    0.0    0.0    0.0
    1  166   -2.5   -5.5 1.00    0.00  70.6   0.706    0.0    0.0    0.0
    1  167   -3.7   -5.6 1.00    0.00  54.8   0.548    0.0    0.0    0.0
    1  168   -3.1   -5.6 1.00    0.00  88.7   0.887    0.0    0.0    0.0
    1  169   -2.0   -5.6 1.00    0.00  92.8   0.928    0.0    0.0    0.0
    1  170   -2.0   -5.6 1.00    0.00  85.2   0.852    0.0    0.0    0.0
    1  171   -2.5   -5.6 1.00    0.00  81.0   0.810    0.0    0.0    0.0
    1  172   -2.8   -5.6 1.00    0.00  87.5   0.875    0.0    0.0    0.0
    1  173   -0.5   -5.6 1.00    0.00  90.8   0.908    0.0    0.0    0.0
    1  174    0.9   -5.6 1.00    0.00  85.6   0.856    0.0    0.0    0.0
    1  175    0.6   -5.6 1.00    0.00  77.8   0.778    0.0    0.0    0.0
    1  176   -1.0   -5.6 1.00    0.00  74.4   0.744    0.0    0.0    0.0
    1  177    2.5   -5.6 1.00    0.00  70.8   0.708    0.0    0.0    0.0
    1  178    5.4   -5.6 1.00    0.00  72.0   0.720    0.0    0.0    0.0
    1  179    0.2   -5.6 1.00    0.00  79.8   0.798    0.0    0.0    0.0
    1  180   -0.3   -5.6 1.00    0.00  83.6   0.836    0.0    0.0    0.0
    1  181    0.8   -5.6 1.00    0.00  90.4   0.904    0.0    0.0    0.0
    1  182    1.6   -5.6 1.00    0.00  82.4   0.824    0.0    0.0    0.0
    1  183   -0.1   -5.6 1.00    0.00  84.8   0.848    0.0    0.0    0.0
    1  184   -0.2   -5.6 1.00    0.00  82.8   0.828    0.0    0.0    0.0
    1  185    0.7   -5.6 1.00    0.00  78.8   0.788    0.0    0.0    0.0
    1  186    3.8   -5.6 1.00    0.00  77.1   0.771    0.0    0.0    0.0
    1  187    2.4   -5.6 1.00    0.00  84.1   0.841    0.0    0.0    0.0
    1  188    3.2   -5.5 1.00    0.00  84.8   0.848    0.0    0.0    0.0
    1  189    4.9   -5.5 1.00    0.00  76.8   0.768    0.0    0.0    0.0
    1  190    4.0   -5.5 1.00    0.00  76.0   0.760    0.0    0.0    0.0
    1  191    2.3   -5.5 1.00    0.00  83.1   0.831    0.0    0.0    0.0
    1  192    3.3   -5.5 1.00    0.00  68.9   0.689    0.0    0.0    0.0
    1  193    1.5   -5.5 1.00    0.00  82.6   0.826    0.0    0.0    0.0
    1  194   -0.7   -5.5 1.00    0.00  77.2   0.772    0.0    0.0    0.0
    1  195   -0.8   -5.5 1.00    0.00  87.3   0.873    0.0    0.0    0.0
    1  196    0.3   -5.5 1.00    0.00  84.6   0.846    0.0    0.0    0.0
    1  197    2.0   -5.5 1.00    0.00  82.6   0.826    0.0    0.0    0.0
    1  198    2.2   -5.5 1.00    0.00  75.1   0.751    0.0    0.0    0.0
    1  199    4.3   -5.5 1.00    0.00  80.2   0.802    0.0    0.0    0.0
    1  200    4.3   -5.5 1.00    0.00  84.7   0.847    0.0    0.0    0.0
    1  201    3.8   -5.5 1.00    0.00  82.1   0.821    0.0    0.0    0.0
    1  202    5.7   -5.5 1.00    0.00  75.4   0.754    0.0    0.0    0.0
    1  203    6.1   -5.4 1.00    0.00  89.9   0.899    0.0    0.0    0.0
    1  204    3.5   -5.4 1.00    0.00  83.4   0.834    0.0    0.0    0.0
    1  205    2.6   -5.4 1.00    0.00  79.8   0.798    0.0    0.0    0.0
    1  206    3.2   -5.4 1.00    0.00  68.8   0.688    0.0    0.0    0.0
    1  207    4.8   -5.4 1.00    0.00  73.2   0.732    0.0    0.0    0.0
    1  208    7.8   -5.4 1.00    0.00  79.6   0.796    0.0    0.0    0.0
    1  209    7.3   -5.4 1.00    0.00  83.8   0.838    0.0    0.0    0.0
    1  210    5.6   -5.4 1.00    0.00  82.2   0.822    0.0    0.0    0.0
    1  211    5.3   -5.3 1.00    0.00  71.1   0.711    0.0    0.0    0.0
    1  212    5.1   -5.3 1.00    0.00  88.0   0.880    0.0    0.0    0.0
    1  213    6.3   -5.3 1.00    0.00  75.5   0.755    0.0    0.0    0.0
    1  214    7.4   -5.3 1.00    0.00  82.3   0.823    0.0    0.0    0.0
    1  215    6.0   -5.3 1.00    0.00  75.9   0.759    0.0    0.0    0.0
    1  216    4.2   -5.3 1.00    0.00  75.1   0.751    0.0    0.0    0.0
    1  217    6.6   -5.3 1.00    0.00  72.0   0.720    0.0    0.0    0.0
    1  218    6.8   -5.3 1.00    0.00  93.7   0.937    0.0    0.0    0.0
    1  219    7.2   -5.2 1.00    0.00  91.5   0.915    0.0    0.0    0.0
    1  220    5.5   -5.2 1.00    0.00  79.4   0.794    0.0    0.0    0.0
    1  221    8.6   -5.2 1.00    0.00  76.4   0.764    0.0    0.0    0.0
    1  222    6.0   -5.2 1.00    0.00  66.4   0.664    0.0    0.0    0.0
    1  223    5.8   -5.2 1.00    0.00  60.9   0.609    0.0    0.0    0.0
    1  224    4.9   -5.2 1.00    0.00  93.7   0.937    0.0    0.0    0.0
    1  225    6.9   -5.2 1.00    0.00  94.5   0.945    0.0    0.0    0.0
    1  226    8.3   -5.2 1.00    0.00  94.3   0.943    0.0    0.0    0.0
    1  227   10.6   -5.1 1.00    0.00  88.3   0.883    0.0    0.0    0.0
    1  228    9.1   -5.1 1.00    0.00  66.6   0.666    0.0    0.0    0.0
    1  229    5.7   -5.1 1.00    0.00  61.8   0.618    0.0    0.0    0.0
    1  230    6.6   -5.1 1.00    0.00  72.5   0.725    0.0    0.0    0.0
    1  231    8.4   -5.1 1.00    0.00  83.8   0.838    0.0    0.0    0.0
    1  232    9.2   -5.1 1.00    0.00  82.4   0.824    0.0    0.0    0.0
    1  233    8.9   -5.0 1.00    0.00  71.6   0.716    0.0    0.0    0.0
    1  234    8.7   -5.0 1.00    0.00  65.8   0.658    0.0    0.0    0.0
    1  235   10.9   -5.0 1.00    0.00  80.0   0.800    0.0    0.0    0.0
    1  236   14.4   -5.0 1.00    0.00  78.5   0.785    0.0    0.0    0.0
    1  237   10.2   -4.9 1.00    0.00  75.1   0.751    0.0    0.0    0.0
    1  238    9.8   -4.9 1.00    0.00  74.5   0.745    0.0    0.0    0.0
    1  239   11.5   -4.9 1.00    0.00  72.4   0.724    0.0    0.0    0.0
    1  240    8.9   -4.9 1.00    0.00  68.3   0.683    0.0    0.0    0.0
    1  241    9.9   -4.9 1.00    0.00  90.0   0.900    0.0    0.0    0.0
    1  242    9.4   -4.8 1.00    0.00  77.2   0.772    0.0    0.0    0.0
    1  243   14.0   -4.8 1.00    0.00  74.8   0.748    0.0    0.0    0.0
    1  244   13.1   -4.8 1.00    0.00  77.5   0.775    0.0    0.0    0.0
    1  245    9.8   -4.8 1.00    0.00  76.1   0.761    0.0    0.0    0.0
    1  246    8.8   -4.7 1.00    0.00  76.5   0.765    0.0    0.0    0.0
    1  247    9.8   -4.7 1.00    0.00  81.2   0.812    0.0    0.0    0.0
    1  248   10.5   -4.7 1.00    0.00  83.4   0.834    0.0    0.0    0.0
    1  249   11.6   -4.7 1.00    0.00  76.5   0.765    0.0    0.0    0.0
    1  250   11.1   -4.7 1.00    0.00  71.1   0.711    0.0    0.0    0.0
    1  251   12.9   -4.7 1.00    0.00  89.4   0.894    0.0    0.0    0.0
    1  252   14.6   -4.6 1.00    0.00  89.3   0.893    0.0    0.0    0.0
    1  253   14.9   -4.6 1.00    0.00  80.4   0.804    0.0    0.0    0.0
    1  254   14.5   -4.5 1.00    0.00  69.0   0.690    0.0    0.0    0.0
    1  255   12.5   -4.5 1.00    0.00  76.5   0.765    0.0    0.0    0.0
    1  256   11.8   -4.5 1.00    0.00  69.7   0.697    0.0    0.0    0.0
    1  257   14.6   -4.5 1.00    0.00  60.8   0.608    0.0    0.0    0.0
    1  258   15.2   -4.5 1.00    0.00  54.9   0.549    0.0    0.0    0.0
    1  259   13.5   -4.4 1.00    0.00  78.0   0.780    0.0    0.0    0.0
    1  260   13.8   -4.4 1.00    0.00  69.9   0.699    0.0    0.0    0.0
    1  261   15.0   -4.4 1.00    0.00  57.6   0.576    0.0    0.0    0.0
    1  262   16.6   -4.4 1.00    0.00  58.6   0.586    0.0    0.0    0.0
    1  263   15.0   -4.3 1.00    0.00  62.7   0.627    0.0    0.0    0.0
    1  264   14.0   -4.3 1.00    0.00  69.5   0.695    0.0    0.0    0.0
    1  265   13.9   -4.3 1.00    0.00  66.8   0.668    0.0    0.0    0.0
    1  266   16.9   -4.3 1.00    0.00  65.0   0.650    0.0    0.0    0.0
    1  267   19.2   -4.2 1.00    0.00  65.0   0.650    0.0    0.0    0.0
    1  268   18.5   -4.2 1.00    0.00  59.4   0.594    0.0    0.0    0.0
    1  269   17.9   -4.2 1.00    0.00  42.4   0.424    0.0    0.0    0.0
    1  270   16.6   -4.1 1.00    0.00  62.4   0.624    0.0    0.0    0.0
    1  271   16.9   -4.1 1.00    0.00  70.7   0.707    0.0    0.0    0.0
    1  272   14.8   -4.1 1.00    0.00  72.5   0.725    0.0    0.0    0.0
    1  273   13.9   -4.1 1.00    0.00  73.1   0.731    0.0    0.0    0.0
    1  274   13.5   -4.1 1.00    0.00  69.6   0.696    0.0    0.0    0.0
    1  275   14.4   -4.1 1.00    0.00  58.6   0.586    0.0    0.0    0.0
    1  276   15.6   -4.0 1.00    0.00  63.5   0.635    0.0    0.0    0.0
    1  277   17.2   -4.0 1.00    0.00  85.1   0.851    0.0    0.0    0.0
    1  278   17.5   -4.0 1.00    0.00  91.9   0.919    0.0    0.0    0.0
    1  279   18.5   -4.0 1.00    0.00  79.8   0.798    0.0    0.0    0.0
    1  280   17.4   -3.9 1.00    0.00  78.6   0.786    0.0    0.0    0.0
    1  281   15.6   -3.9 1.00    0.00  78.1   0.781    0.0    0.0    0.0
    1  282   18.4   -3.9 1.00    0.00  77.3   0.773    0.0    0.0    0.0
    1  283   19.0   -3.8 1.00    0.00  80.6   0.806    0.0    0.0    0.0
    1  284   19.0   -3.8 1.00    0.00  72.3   0.723    0.0    0.0    0.0
    1  285   18.0   -3.8 1.00    0.00  73.8   0.738    0.0    0.0    0.0
    1  286   18.2   -3.7 1.00    0.00  70.0   0.700    0.0    0.0    0.0
    1  287   18.4   -3.7 1.00    0.00  66.4   0.664    0.0    0.0    0.0
    1  288   18.5   -3.7 1.00    0.00  63.7   0.637    0.0    0.0    0.0
    1  289   16.9   -3.7 1.00    0.00  58.7   0.587    0.0    0.0    0.0
    1  290   16.4   -3.7 1.00    0.00  58.6   0.586    0.0    0.0    0.0
    1  291   16.8   -3.7 1.00    0.00  70.3   0.703    0.0    0.0    0.0
    1  292   18.0   -3.6 1.00    0.00  72.1   0.721    0.0    0.0    0.0
    1  293   17.8   -3.6 1.00    0.00  81.0   0.810    0.0    0.0    0.0
    1  294   18.1   -3.6 1.00    0.00  77.2   0.772    0.0    0.0    0.0
    1  295   18.8   -3.6 1.00    0.00  72.8   0.728    0.0    0.0    0.0
    1  296   19.0   -3.5 1.00    0.00  68.7   0.687    0.0    0.0    0.0
    1  297   19.1   -3.5 1.00    0.00  81.0   0.810    0.0    0.0    0.0
    1  298   19.1   -3.5 1.00    0.00  85.4   0.854    0.0    0.0    0.0
    1  299   20.1   -3.5 1.00    0.00  67.9   0.679    0.0    0.0    0.0
    1  300   20.2   -3.4 1.00    0.00  84.0   0.840    0.0    0.0    0.0
    1  301   18.5   -3.4 1.00    0.00  73.1   0.731    0.0    0.0    0.0
    1  302   18.8   -3.4 1.00    0.00  64.6   0.646    0.0    0.0    0.0
    1  303   20.5   -3.4 1.00    0.00  58.9   0.589    0.0    0.0    0.0
    1  304   20.6   -3.3 1.00    0.00  65.1   0.651    0.0    0.0    0.0
    1  305   19.0   -3.3 1.00    0.00  66.9   0.669    0.0    0.0    0.0
    1  306   19.8   -3.3 1.00    0.00  80.2   0.802    0.0    0.0    0.0
    1  307   18.8   -3.3 1.00    0.00  75.1   0.751    0.0    0.0    0.0
    1  308   18.6   -3.3 1.00    0.00  89.2   0.892    0.0    0.0    0.0
    1  309   19.1   -3.2 1.00    0.00  85.9   0.859    0.0    0.0    0.0
    1  310   22.4   -3.2 1.00    0.00  83.9   0.839    0.0    0.0    0.0
    1  311   22.8   -3.2 1.00    0.00  94.9   0.949    0.0    0.0    0.0
    1  312   22.7   -3.1 1.00    0.00  91.7   0.917    0.0    0.0    0.0
    1  313   22.5   -3.1 1.00    0.00  99.1   0.991    0.0    0.0    0.0
    1  314   21.6   -3.1 1.00    0.00  94.0   0.940    0.0    0.0    0.0
    1  315   20.9   -3.0 1.00    0.00  92.8   0.928    0.0    0.0    0.0
    1  316   21.1   -3.0 1.00    0.00  98.4   0.984    0.0    0.0    0.0
    1  317   21.5   -3.0 1.00    0.00  97.0   0.970    0.0    0.0    0.0
    1  318   22.7   -3.0 1.00    0.00  86.1   0.861    0.0    0.0    0.0
    1  319   21.9   -2.9 1.00    0.00  86.2   0.862    0.0    0.0    0.0
    1  320   22.2   -2.9 1.00    0.00  84.8   0.848    0.0    0.0    0.0
    1  321   20.0   -2.9 1.00    0.00  84.7   0.847    0.0    0.0    0.0
    1  322   19.5   -2.9 1.00    0.00  86.3   0.863    0.0    0.0    0.0
    1  323   19.6   -2.9 1.00    0.00  74.8   0.748    0.0    0.0    0.0
    1  324   19.6   -2.9 1.00    0.00  76.9   0.769    0.0    0.0    0.0
    1  325   19.0   -2.8 1.00    0.00  77.2   0.772    0.0    0.0    0.0
    1  326   19.8   -2.8 1.00    0.00  78.0   0.780    0.0    0.0    0.0
    1  327   20.8   -2.8 1.00    0.00  79.1   0.791    0.0    0.0    0.0
    1  328   21.6   -2.8 1.00    0.00  77.6   0.776    0.0    0.0    0.0
    1  329   22.5   -2.8 1.00    0.00  74.5   0.745    0.0    0.0    0.0
    1  330   22.9   -2.8 1.00    0.00  69.5   0.695    0.0    0.0    0.0
    1  331   25.6   -2.7 1.00    0.00  94.8   0.948    0.0    0.0    0.0
    1  332   25.0   -2.7 1.00    0.00  97.9   0.979    0.0    0.0    0.0
    1  333   24.0   -2.7 1.00    0.00  88.3   0.883    0.0    0.0    0.0
    1  334   23.8   -2.6 1.00    0.00  85.2   0.852    0.0    0.0    0.0
    1  335   25.0   -2.6 1.00    0.00  81.7   0.817    0.0    0.0    0.0
    1  336   24.2   -2.6 1.00    0.00  98.2   0.982    0.0    0.0    0.0
    1  337   22.6   -2.6 1.00    0.00  88.2   0.882    0.0    0.0    0.0
    1  338   24.1   -2.5 1.00    0.00  76.4   0.764    0.0    0.0    0.0
    1  339   25.4   -2.5 1.00    0.00  91.0   0.910    0.0    0.0    0.0
    1  340   25.2   -2.5 1.00    0.00  93.2   0.932    0.0    0.0    0.0
    1  341   26.2   -2.5 1.00    0.00  82.9   0.829    0.0    0.0    0.0
    1  342   24.8   -2.4 1.00    0.00  85.6   0.856    0.0    0.0    0.0
    1  343   25.1   -2.4 1.00    0.00  92.1   0.921    0.0    0.0    0.0
    1  344   25.5   -2.4 1.00    0.00  91.3   0.913    0.0    0.0    0.0
    1  345   26.7   -2.4 1.00    0.00  86.2   0.862    0.0    0.0    0.0
    1  346   25.1   -2.3 1.00    0.00  85.0   0.850    0.0    0.0    0.0
    1  347   25.5   -2.3 1.00    0.00  81.3   0.813    0.0    0.0    0.0
    1  348   26.3   -2.3 1.00    0.00  81.9   0.819    0.0    0.0    0.0
    1  349   25.7   -2.3 1.00    0.00  81.6   0.816    0.0    0.0    0.0
    1  350   26.0   -2.3 1.00    0.00  82.0   0.820    0.0    0.0    0.0
    1  351   25.7   -2.2 1.00    0.00  76.8   0.768    0.0    0.0    0.0
    1  352   25.6   -2.2 1.00    0.00  78.5   0.785    0.0    0.0    0.0
    1  353   25.0   -2.2 1.00    0.00  83.0   0.830    0.0    0.0    0.0
    1  354   24.4   -2.2 1.00    0.00  86.5   0.865    0.0    0.0    0.0
    1  355   24.5   -2.2 1.00    0.00  79.4   0.794    0.0    0.0    0.0
    1  356   24.2   -2.2 1.00    0.00 100.0   1.000    0.0    0.0    0.0
    1  357   24.2   -2.1 1.00    0.00  98.6   0.986    0.0    0.0    0.0
    1  358   24.1   -2.1 1.00    0.00  83.4   0.834    0.0    0.0    0.0
    1  359   25.2   -2.1 1.00    0.00  81.7   0.817    0.0    0.0    0.0
    1  360   24.9   -2.1 1.00    0.00  75.1   0.751    0.0    0.0    0.0
    1  361   24.6   -2.1 1.00    0.00  77.0   0.770    0.0    0.0    0.0
    1  362   25.3   -2.1 1.00    0.00  80.5   0.805    0.0    0.0    0.0
    1  363   25.3   -2.0 1.00    0.00  81.8   0.818    0.0    0.0    0.0
    1  364   24.7   -2.0 1.00    0.00  90.2   0.902    0.0    0.0    0.0
    1  365   24.9   -2.0 1.00    0.00  96.5   0.965    0.0    0.0    0.0
    2    1   22.6   -2.0 1.00    0.00  94.5   0.945    0.0    0.0    0.0
    2    2   23.5   -2.0 1.00    0.00  83.5   0.835    0.0    0.0    0.0
    2    3   23.7   -2.0 1.00    0.00  82.0   0.820    0.0    0.0    0.0
    2    4   23.4   -2.0 1.00    0.00  88.6   0.886    0.0    0.0    0.0
    2    5   24.0   -2.0 1.00    0.00  85.1   0.851    0.0    0.0    0.0
    2    6   24.7   -1.9 1.00    0.00  76.4   0.764    0.0    0.0    0.0
    2    7   24.4   -1.9 1.00    0.00  96.7   0.967    0.0    0.0    0.0
    2    8   23.6   -1.9 1.00    0.00  83.7   0.837    0.0    0.0    0.0
    2    9   22.7   -1.9 1.00    0.00  83.9   0.839    0.0    0.0    0.0
    2   10   23.1   -1.9 1.00    0.00  73.3   0.733    0.0    0.0    0.0
    2   11   23.3   -1.9 1.00    0.00  75.0   0.750    0.0    0.0    0.0
    2   12   23.0   -1.9 1.00    0.00  61.6   0.616    0.0    0.0    0.0
    2   13   23.3   -1.9 1.00    0.00  68.4   0.684    0.0    0.0    0.0
    2   14   22.0   -1.9 1.00    0.00  71.2   0.712    0.0    0.0    0.0
    2   15   23.1   -1.9 1.00    0.00  75.0   0.750    0.0    0.0    0.0
    2   16   22.8   -1.9 1.00    0.00  70.0   0.700    0.0    0.0    0.0
    2   17   23.2   -1.9 1.00    0.00  80.1   0.801    0.0    0.0    0.0
    2   18   21.5   -1.8 1.00    0.00  86.6   0.866    0.0    0.0    0.0
    2   19   20.2   -1.8 1.00    0.00  94.6   0.946    0.0    0.0    0.0
    2   20   19.3   -1.8 1.00    0.00  98.2   0.982    0.0    0.0    0.0
    2   21   19.8   -1.8 1.00    0.00  94.6   0.946    0.0    0.0    0.0
    2   22   20.4   -1.8 1.00    0.00  81.6   0.816    0.0    0.0    0.0
    2   23   20.0   -1.8 1.00    0.00  93.7   0.937    0.0    0.0    0.0
    2   24   17.8   -1.8 1.00    0.00  95.4   0.954    0.0    0.0    0.0
    2   25   18.4   -1.8 1.00    0.00  79.2   0.792    0.0    0.0    0.0
    2   26   19.7   -1.8 1.00    0.00  73.2   0.732    0.0    0.0    0.0
    2   27   20.3   -1.8 1.00    0.00  74.1   0.741    0.0    0.0    0.0
    2   28   20.8   -1.8 1.00    0.00  82.4   0.824    0.0    0.0    0.0
    2   29   20.7   -1.8 1.00    0.00  64.2   0.642    0.0    0.0    0.0
    2   30   20.4   -1.8 1.00    0.00  63.4   0.634    0.0    0.0    0.0
    2   31   20.4   -1.8 1.00    0.00  77.2   0.772    0.0    0.0    0.0
    2   32   18.1   -1.8 1.00    0.00  73.3   0.733    0.0    0.0    0.0
    2   33   18.5   -1.8 1.00    0.00  75.4   0.754    0.0    0.0    0.0
    2   34   19.6   -1.8 1.00    0.00  76.1   0.761    0.0    0.0    0.0
    2   35   19.2   -1.8 1.00    0.00  88.6   0.886    0.0    0.0    0.0
    2   36   19.1   -1.8 1.00    0.00  77.8   0.778    0.0    0.0    0.0
    2   37   17.6   -1.8 1.00    0.00  82.3   0.823    0.0    0.0    0.0
    2   38   16.1   -1.8 1.00    0.00  81.1   0.811    0.0    0.0    0.0
    2   39   16.4   -1.8 1.00    0.00  79.5   0.795    0.0    0.0    0.0
    2   40   16.2   -1.8 1.00    0.00  73.5   0.735    0.0    0.0    0.0
    2   41   18.2   -1.8 1.00    0.00  79.8   0.798    0.0    0.0    0.0
    2   42   19.5   -1.8 1.00    0.00  79.3   0.793    0.0    0.0    0.0
    2   43   15.4   -1.8 1.00    0.00  78.6   0.786    0.0    0.0    0.0
    2   44   14.0   -1.8 1.00    0.00  56.8   0.568    0.0    0.0    0.0
    2   45   16.5   -1.8 1.00    0.00  73.8   0.738    0.0    0.0    0.0
    2   46   16.5   -1.8 1.00    0.00  87.8   0.878    0.0    0.0    0.0
    2   47   16.0   -1.8 1.00    0.00  69.2   0.692    0.0    0.0    0.0
    2   48   16.5   -1.8 1.00    0.00  84.1   0.841    0.0    0.0    0.0
    2   49   18.7   -1.8 1.00    0.00  88.5   0.885    0.0    0.0    0.0
    2   50   18.7   -1.8 1.00    0.00  84.3   0.843    0.0    0.0    0.0
    2   51   17.2   -1.8 1.00    0.00  83.7   0.837    0.0    0.0    0.0
    2   52   16.6   -1.8 1.00    0.00  79.9   0.799    0.0    0.0    0.0
    2   53   16.1   -1.8 1.00    0.00  87.5   0.875    0.0    0.0    0.0
    2   54   13.5   -1.8 1.00    0.00  91.3   0.913    0.0    0.0    0.0
    2   55   12.8   -1.8 1.00    0.00  81.9   0.819    0.0    0.0    0.0
    2   56   13.2   -1.8 1.00    0.00  75.5   0.755    0.0    0.0    0.0
    2   57   14.2   -1.8 1.00    0.00  81.7   0.817    0.0    0.0    0.0
    2   58   15.1   -1.8 1.00    0.00  76.9   0.769    0.0    0.0    0.0
    2   59   16.3   -1.8 1.00    0.00  71.5   0.715    0.0    0.0    0.0
    2   60   14.4   -1.8 1.00    0.00  78.1   0.781    0.0    0.0    0.0
    2   61   13.8   -1.8 1.00    0.00  85.5   0.855    0.0    0.0    0.0
    2   62   11.1   -1.8 1.00    0.00  81.9   0.819    0.0    0.0    0.0
    2   63    9.2   -1.8 1.00    0.00  77.6   0.776    0.0    0.0    0.0
    2   64    9.4   -1.8 1.00    0.00  75.4   0.754    0.0    0.0    0.0
    2   65   10.9   -1.9 1.00    0.00  81.6   0.816    0.0    0.0    0.0
    2   66    9.3   -1.9 1.00    0.00  79.4   0.794    0.0    0.0    0.0
    2   67   13.0   -1.9 1.00    0.00  85.8   0.858    0.0    0.0    0.0
    2   68    8.7   -1.9 1.00    0.00  84.1   0.841    0.0    0.0    0.0
    2   69    9.3   -1.9 1.00    0.00  87.7   0.877    0.0    0.0    0.0
    2   70   12.7   -1.9 1.00    0.00  80.5   0.805    0.0    0.0    0.0
    2   71   11.0   -1.9 1.00    0.00  78.3   0.783    0.0    0.0    0.0
    2   72    7.6   -1.9 1.00    0.00  79.8   0.798    0.0    0.0    0.0
    2   73   10.9   -1.9 1.00    0.00  88.5   0.885    0.0    0.0    0.0
    2   74    8.9   -1.9 1.00    0.00  91.1   0.911    0.0    0.0    0.0
    2   75    8.4   -1.9 1.00    0.00  87.0   0.870    0.0    0.0    0.0
    2   76   11.3   -1.9 1.00    0.00  84.2   0.842    0.0    0.0    0.0
    2   77    8.4   -1.9 1.00    0.00  86.2   0.862    0.0    0.0    0.0
    2   78    4.7   -1.9 1.00    0.00  84.7   0.847    0.0    0.0    0.0
    2   79    6.5   -1.9 1.00    0.00  88.6   0.886    0.0    0.0    0.0
    2   80    9.1   -2.0 1.00    0.00  84.9   0.849    0.0    0.0    0.0
    2   81    3.5   -2.0 1.00    0.00  83.9   0.839    0.0    0.0    0.0
    2   82    2.8   -2.0 1.00    0.00  85.1   0.851    0.0    0.0    0.0
    2   83    4.7   -2.0 1.00    0.00  81.6   0.816    0.0    0.0    0.0
    2   84    5.9   -2.0 1.00    0.00  82.5   0.825    0.0    0.0    0.0
    2   85    6.7   -2.0 1.00    0.00  88.5   0.885    0.0    0.0    0.0
    2   86    8.3   -2.0 1.00    0.00  83.2   0.832    0.0    0.0    0.0
    2   87    7.0   -2.0 1.00    0.00  88.6   0.886    0.0    0.0    0.0
    2   88   10.0   -2.0 1.00    0.00  81.1   0.811    0.0    0.0    0.0
    2   89   12.2   -2.0 1.00    0.00  83.2   0.832    0.0    0.0    0.0
    2   90    9.2   -2.0 1.00    0.00  84.0   0.840    0.0    0.0    0.0
    2   91    7.8   -2.0 1.00    0.00  76.6   0.766    0.0    0.0    0.0
    2   92    3.0   -2.0 1.00    0.00  85.7   0.857    0.0    0.0    0.0
    2   93    2.8   -2.0 1.00    0.00  83.1   0.831    0.0    0.0    0.0
    2   94    4.1   -2.1 1.00    0.00  86.5   0.865    0.0    0.0    0.0
    2   95    5.8   -2.1 1.00    0.00  87.4   0.874    0.0    0.0    0.0
    2   96    6.9   -2.1 1.00    0.00  87.2   0.872    0.0    0.0    0.0
    2   97    8.1   -2.1 1.00    0.00  82.9   0.829    0.0    0.0    0.0
    2   98    1.7   -2.1 1.00    0.00  87.2   0.872    0.0    0.0    0.0
    2   99    0.6   -2.1 1.00    0.00  88.5   0.885    0.0    0.0    0.0
    2  100    0.1   -2.1 1.00    0.00  80.5   0.805    0.0    0.0    0.0
    2  101    1.6   -2.1 1.00    0.00  82.2   0.822    0.0    0.0    0.0
    2  102    5.0   -2.1 1.00    0.00  75.6   0.756    0.0    0.0    0.0
    2  103    1.3   -2.1 1.00    0.00  87.9   0.879    0.0    0.0    0.0
    2  104    0.7   -2.2 1.00    0.00  88.2   0.882    0.0    0.0    0.0
    2  105    1.3   -2.2 1.00    0.00  89.8   0.898    0.0    0.0    0.0
    2  106   -1.4   -2.2 1.00    0.00  89.9   0.899    0.0    0.0    0.0
    2  107   -0.9   -2.2 1.00    0.00  87.3   0.873    0.0    0.0    0.0
    2  108   -1.6   -2.2 1.00    0.00  86.6   0.866    0.0    0.0    0.0
    2  109    0.3   -2.2 1.00    0.00  87.5   0.875    0.0    0.0    0.0
    2  110    0.9   -2.2 1.00    0.00  80.1   0.801    0.0    0.0    0.0
    2  111    3.7   -2.2 1.00    0.00  81.5   0.815    0.0    0.0    0.0
    2  112    0.9   -2.2 1.00    0.00  79.8   0.798    0.0    0.0    0.0
    2  113   -2.6   -2.2 1.00    0.00  89.1   0.891    0.0    0.0    0.0
    2  114   -3.3   -2.3 1.00    0.00  84.9   0.849    0.0    0.0    0.0
    2  115   -2.2   -2.3 1.00    0.00  85.7   0.857    0.0    0.0    0.0
    2  116   -2.4   -2.3 1.00    0.00  86.7   0.867    0.0    0.0    0.0
    2  117   -2.2   -2.3 1.00    0.00  89.1   0.891    0.0    0.0    0.0
    2  118    0.0   -2.3 1.00    0.00  89.2   0.892    0.0    0.0    0.0
    2  119   -1.7   -2.3 1.00    0.00  71.5   0.715    0.0    0.0    0.0
    2  120   -1.3   -2.3 1.00    0.00  78.9   0.789    0.0    0.0    0.0
    2  121   -1.1   -2.3 1.00    0.00  79.5   0.795    0.0    0.0    0.0
    2  122    0.6   -2.3 1.00    0.00  82.3   0.823    0.0    0.0    0.0
    2  123   -0.3   -2.3 1.00    0.00  87.2   0.872    0.0    0.0    0.0
    2  124   -0.3   -2.4 1.00    0.00  87.5   0.875    0.0    0.0    0.0
    2  125   -0.1   -2.4 1.00    0.00  85.5   0.855    0.0    0.0    0.0
    2  126   -1.2   -2.4 1.00    0.00  77.2   0.772    0.0    0.0    0.0
    2  127    2.7   -2.4 1.00    0.00  86.1   0.861    0.0    0.0    0.0
    2  128    2.2   -2.4 1.00    0.00  84.7   0.847    0.0    0.0    0.0
    2  129   -2.1   -2.4 1.00    0.00  86.5   0.865    0.0    0.0    0.0
    2  130   -2.2   -2.4 1.00    0.00  80.5   0.805    0.0    0.0    0.0
    2  131   -0.2   -2.4 1.00    0.00  87.0   0.870    0.0    0.0    0.0
    2  132   -3.4   -2.4 1.00    0.00  86.7   0.867    0.0    0.0    0.0
    2  133   -4.2   -2.4 1.00    0.00  85.1   0.851    0.0    0.0    0.0
    2  134   -1.6   -2.4 1.00    0.00  88.2   0.882    0.0    0.0    0.0
    2  135   -0.8   -2.4 1.00    0.00  91.6   0.916    0.0    0.0    0.0
    2  136   -1.1   -2.4 1.00    0.00  87.7   0.877    0.0    0.0    0.0
    2  137    0.7   -2.4 1.00    0.00  83.3   0.833    0.0    0.0    0.0
    2  138    0.4   -2.4 1.00    0.00  84.5   0.845    0.0    0.0    0.0
    2  139   -0.8   -2.4 1.00    0.00  87.5   0.875    0.0    0.0    0.0
    2  140    0.1   -2.4 1.00    0.00  89.1   0.891    0.0    0.0    0.0
