   1,  1, 0.00000, 0.00003, 0.00170, 0.00000, 0.00000, 0.00000, 0.00000, 0.00000, 0.00000, 0.00000, 0.00000, 0.00172, 0.00000, 0.00000, 0.00000, 0.00001, 0.00000
   1,  2, 0.00000, 0.00003, 0.00000, 0.00000, 0.00000, 0.00000,-0.00172, 0.00000, 0.00000, 0.00000, 0.00002, 0.00000, 0.00000, 0.00000, 0.00000, 0.00000, 0.00001
   1,  3, 0.00000, 0.00003, 0.00000, 0.00000, 0.00000, 0.00000,-0.00003, 0.00000, 0.00000, 0.00000, 0.00002, 0.00000, 0.00000, 0.00000, 0.00000, 0.00000, 0.00001
   1,  4, 0.00000, 0.00002, 0.00000, 0.00000, 0.00000, 0.00000,-0.00003, 0.00000, 0.00000, 0.00000, 0.00002, 0.00000, 0.00000, 0.00000, 0.00000, 0.00000, 0.00001
   1,  5, 0.00000, 0.00002, 0.00000, 0.00000, 0.00000, 0.00000,-0.00003, 0.00000, 0.00000, 0.00000, 0.00002, 0.00000, 0.00000, 0.00000, 0.00000, 0.00000, 0.00001
   1,  6, 0.00000, 0.00002, 0.00000, 0.00000, 0.00000, 0.00000,-0.00003, 0.00000, 0.00000, 0.00000, 0.00002, 0.00000, 0.00000, 0.00000, 0.00000, 0.00000, 0.00001
   1,  7, 0.00000, 0.00002, 0.00000, 0.00000, 0.00000, 0.00000,-0.00003, 0.00000, 0.00000, 0.00000, 0.00002, 0.00000, 0.00000, 0.00000, 0.00000, 0.00000, 0.00001
   1,  8, 0.00000, 0.00002, 0.00000, 0.00000, 0.00000, 0.00000,-0.00003, 0.00000, 0.00000, 0.00000, 0.00002, 0.00000, 0.00000, 0.00000, 0.00000, 0.00000, 0.00001
   1,  9, 0.00000, 0.00002, 0.00000, 0.00000, 0.00000, 0.00000,-0.00003, 0.00000, 0.00000, 0.00000, 0.00002, 0.00000, 0.00000, 0.00000, 0.00000, 0.00000, 0.00001
   1, 10, 0.00000, 0.00002, 0.00000, 0.00000, 0.00000, 0.00000,-0.00002, 0.00000, 0.00000, 0.00000, 0.00002, 0.00000, 0.00000, 0.00000, 0.00000, 0.00000, 0.00001
   1, 11, 0.00000, 0.00002, 0.00000, 0.00000, 0.00000, 0.00000,-0.00002, 0.00000, 0.00000, 0.00000, 0.00002, 0.00000, 0.00000, 0.00000, 0.00000, 0.00000, 0.00001
   1, 12, 0.00000, 0.00002, 0.00000, 0.00000, 0.00000, 0.00000,-0.00002, 0.00000, 0.00000, 0.00000, 0.00002, 0.00000, 0.00000, 0.00000, 0.00000, 0.00000, 0.00001
   1, 13, 0.00000, 0.00002, 0.00000, 0.00000, 0.00000, 0.00000,-0.00002, 0.00000, 0.00000, 0.00000, 0.00002, 0.00000, 0.00000, 0.00000, 0.00000, 0.00000, 0.00001
   1, 14, 0.00000, 0.00002, 0.00000, 0.00000, 0.00000, 0.00000,-0.00002, 0.00000, 0.00000, 0.00000, 0.00002, 0.00000, 0.00000, 0.00000, 0.00000, 0.00000, 0.00001
   1, 15, 0.00000, 0.00002, 0.00000, 0.00000, 0.00000, 0.00000,-0.00002, 0.00000, 0.00000, 0.00000, 0.00002, 0.00000, 0.00000, 0.00000, 0.00000, 0.00000, 0.00001
   1, 16, 0.00000, 0.00002, 0.00000, 0.00000, 0.00000, 0.00000,-0.00002, 0.00000, 0.00000, 0.00000, 0.00002, 0.00000, 0.00000, 0.00000, 0.00000, 0.00000, 0.00001
   1, 17, 0.00000, 0.00002, 0.00000, 0.00000, 0.00000, 0.00000,-0.00002, 0.00000, 0.00000, 0.00000, 0.00002, 0.00000, 0.00000, 0.00000, 0.00000, 0.00000, 0.00001
   1, 18, 0.00000, 0.00002, 0.00000, 0.00000, 0.00000, 0.00000,-0.00002, 0.00000, 0.00000, 0.00000, 0.00002, 0.00000, 0.00000, 0.00000, 0.00000, 0.00000, 0.00001
   1, 19, 0.00000, 0.00002, 0.00000, 0.00000, 0.00000, 0.00000,-0.00002, 0.00000, 0.00000, 0.00000, 0.00002, 0.00000, 0.00000, 0.00000, 0.00000, 0.00000, 0.00001
   1, 20, 0.00000, 0.00002, 0.00000, 0.00000, 0.00000, 0.00000,-0.00002, 0.00000, 0.00000, 0.00000, 0.00002, 0.00000, 0.00000, 0.00000, 0.00000, 0.00000, 0.00001
   1, 21, 0.00000, 0.00002, 0.00000, 0.00000, 0.00000, 0.00000,-0.00002, 0.00000, 0.00000, 0.00000, 0.00002, 0.00000, 0.00000, 0.00000, 0.00000, 0.00000, 0.00001
   1, 22, 0.00000, 0.00002, 0.00000, 0.00000, 0.00000, 0.00000,-0.00002, 0.00000, 0.00000, 0.00000, 0.00002, 0.00000, 0.00000, 0.00000, 0.00000, 0.00000, 0.00001
   1, 23, 0.00000, 0.00002, 0.00000, 0.00000, 0.00000, 0.00000,-0.00002, 0.00000, 0.00000, 0.00000, 0.00002, 0.00000, 0.00000, 0.00000, 0.00000, 0.00000, 0.00001
   1, 24, 0.00000, 0.00002, 0.00000, 0.00000, 0.00000, 0.00000,-0.00002, 0.00000, 0.00000, 0.00000, 0.00002, 0.00000, 0.00000, 0.00000, 0.00000, 0.00000, 0.00001
   1, 25, 0.00000, 0.00002, 0.00000, 0.00000, 0.00000, 0.00000,-0.00002, 0.00000, 0.00000, 0.00000, 0.00002, 0.00000, 0.00000, 0.00000, 0.00000, 0.00000, 0.00001
   1, 26, 0.00000, 0.00002, 0.00000, 0.00000, 0.00000, 0.00000,-0.00002, 0.00000, 0.00000, 0.00000, 0.00002, 0.00000, 0.00000, 0.00000, 0.00000, 0.00000, 0.00001
   1, 27, 0.00000, 0.00002, 0.00000, 0.00000, 0.00000, 0.00000,-0.00002, 0.00000, 0.00000, 0.00000, 0.00002, 0.00000, 0.00000, 0.00000, 0.00000, 0.00000, 0.00001
   1, 28, 0.00000, 0.00002, 0.00000, 0.00000, 0.00000, 0.00000,-0.00002, 0.00000, 0.00000, 0.00000, 0.00002, 0.00000, 0.00000, 0.00000, 0.00000, 0.00000, 0.00001
   1, 29, 0.00000, 0.00002, 0.00000, 0.00000, 0.00000, 0.00000,-0.00002, 0.00000, 0.00000, 0.00000, 0.00002, 0.00000, 0.00000, 0.00000, 0.00000, 0.00000, 0.00001
   1, 30, 0.00000, 0.00002, 0.00000, 0.00000, 0.00000, 0.00000,-0.00002, 0.00000, 0.00000, 0.00000, 0.00002, 0.00000, 0.00000, 0.00000, 0.00000, 0.00000, 0.00001
   1, 31, 0.00000, 0.00002, 0.00046, 0.00000, 0.00000, 0.00000,-0.00002, 0.00000, 0.00000, 0.00000, 0.00002, 0.00046, 0.00000, 0.00000, 0.00000, 0.00000, 0.00001
   1, 32, 0.00000, 0.00002, 0.00000, 0.00000, 0.00000, 0.00000,-0.00047, 0.00000, 0.00000, 0.00000, 0.00002, 0.00000, 0.00000, 0.00000, 0.00000, 0.00000, 0.00001
   1, 33, 0.00000, 0.00002, 0.00000, 0.00000, 0.00000, 0.00000,-0.00002, 0.00000, 0.00000, 0.00000, 0.00002, 0.00000, 0.00000, 0.00000, 0.00000, 0.00000, 0.00001
   1, 34, 0.00000, 0.00002, 0.00000, 0.00000, 0.00000, 0.00000,-0.00002, 0.00000, 0.00000, 0.00000, 0.00002, 0.00000, 0.00000, 0.00000, 0.00000, 0.00000, 0.00001
   1, 35, 0.00000, 0.00002, 0.00000, 0.00000, 0.00000, 0.00000,-0.00002, 0.00000, 0.00000, 0.00000, 0.00002, 0.00000, 0.00000, 0.00000, 0.00000, 0.00000, 0.00001
   1, 36, 0.00000, 0.00002, 0.00000, 0.00000, 0.00000, 0.00000,-0.00002, 0.00000, 0.00000, 0.00000, 0.00002, 0.00000, 0.00000, 0.00000, 0.00000, 0.00000, 0.00001
   1, 37, 0.00000, 0.00002, 0.00000, 0.00000, 0.00000, 0.00000,-0.00002, 0.00000, 0.00000, 0.00000, 0.00002, 0.00000, 0.00000, 0.00000, 0.00000, 0.00000, 0.00001
   1, 38, 0.00000, 0.00002, 0.00000, 0.00000, 0.00000, 0.00000,-0.00002, 0.00000, 0.00000, 0.00000, 0.00002, 0.00000, 0.00000, 0.00000, 0.00000, 0.00000, 0.00001
   1, 39, 0.00000, 0.00002, 0.00000, 0.00000, 0.00000, 0.00000,-0.00002, 0.00000, 0.00000, 0.00000, 0.00002, 0.00000, 0.00000, 0.00000, 0.00000, 0.00000, 0.00001
   1, 40, 0.00000, 0.00002, 0.00000, 0.00000, 0.00000, 0.00000,-0.00002, 0.00000, 0.00000, 0.00000, 0.00002, 0.00000, 0.00000, 0.00000, 0.00000, 0.00000, 0.00001
   1, 41, 0.00000, 0.00002, 0.00000, 0.00000, 0.00000, 0.00000,-0.00002, 0.00000, 0.00000, 0.00000, 0.00002, 0.00000, 0.00000, 0.00000, 0.00000, 0.00000, 0.00001
   1, 42, 0.00000, 0.00001, 0.00000, 0.00000, 0.00000, 0.00000,-0.00002, 0.00000, 0.00000, 0.00000, 0.00001, 0.00000, 0.00000, 0.00000, 0.00000, 0.00000, 0.00001
   1, 43, 0.00000, 0.00001, 0.00000, 0.00000, 0.00000, 0.00000,-0.00002, 0.00000, 0.00000, 0.00000, 0.00001, 0.00000, 0.00000, 0.00000, 0.00000, 0.00000, 0.00001
   1, 44, 0.00000, 0.00002, 0.00000, 0.00000, 0.00000, 0.00000,-0.00002, 0.00000, 0.00000, 0.00000, 0.00002, 0.00000, 0.00000, 0.00000, 0.00000, 0.00000, 0.00001
   1, 45, 0.00000, 0.00002, 0.00000, 0.00000, 0.00000, 0.00000,-0.00002, 0.00000, 0.00000, 0.00000, 0.00002, 0.00000, 0.00000, 0.00000, 0.00000, 0.00000, 0.00001
   1, 46, 0.00000, 0.00002, 0.00000, 0.00000, 0.00000, 0.00000,-0.00002, 0.00000, 0.00000, 0.00000, 0.00002, 0.00000, 0.00000, 0.00000, 0.00000, 0.00000, 0.00001
   1, 47, 0.00000, 0.00002, 0.00000, 0.00000, 0.00000, 0.00000,-0.00002, 0.00000, 0.00000, 0.00000, 0.00002, 0.00000, 0.00000, 0.00000, 0.00000, 0.00000, 0.00001
   1, 48, 0.00000, 0.00002, 0.00000, 0.00000, 0.00000, 0.00000,-0.00002, 0.00000, 0.00000, 0.00000, 0.00002, 0.00000, 0.00000, 0.00000, 0.00000, 0.00000, 0.00001
   1, 49, 0.00000, 0.00001, 0.00000, 0.00000, 0.00000, 0.00000,-0.00002, 0.00000, 0.00000, 0.00000, 0.00001, 0.00000, 0.00000, 0.00000, 0.00000, 0.00000, 0.00001
   1, 50, 0.00000, 0.00001, 0.00000, 0.00000, 0.00000, 0.00000,-0.00002, 0.00000, 0.00000, 0.00000, 0.00001, 0.00000, 0.00000, 0.00000, 0.00000, 0.00000, 0.00001
   1, 51, 0.00000, 0.00001, 0.00000, 0.00000, 0.00000, 0.00000,-0.00001, 0.00000, 0.00000, 0.00000, 0.00001, 0.00000, 0.00000, 0.00000, 0.00000, 0.00000, 0.00001
   1, 52, 0.00000, 0.00001, 0.00000, 0.00000, 0.00000, 0.00000,-0.00002, 0.00000, 0.00000, 0.00000, 0.00001, 0.00000, 0.00000, 0.00000, 0.00000, 0.00000, 0.00001
   1, 53, 0.00000, 0.00001, 0.00000, 0.00000, 0.00000, 0.00000,-0.00001, 0.00000, 0.00000, 0.00000, 0.00001, 0.00000, 0.00000, 0.00000, 0.00000, 0.00000, 0.00001
   1, 54, 0.00000, 0.00001, 0.00000, 0.00000, 0.00000, 0.00000,-0.00001, 0.00000, 0.00000, 0.00000, 0.00001, 0.00000, 0.00000, 0.00000, 0.00000, 0.00000, 0.00001
   1, 55, 0.00000, 0.00001, 0.00000, 0.00000, 0.00000, 0.00000,-0.00001, 0.00000, 0.00000, 0.00000, 0.00001, 0.00000, 0.00000, 0.00000, 0.00000, 0.00000, 0.00001
   1, 56, 0.00000, 0.00001, 0.00000, 0.00000, 0.00000, 0.00000,-0.00001, 0.00000, 0.00000, 0.00000, 0.00001, 0.00000, 0.00000, 0.00000, 0.00000, 0.00000, 0.00001
   1, 57, 0.00000, 0.00001, 0.00000, 0.00000, 0.00000, 0.00000,-0.00002, 0.00000, 0.00000, 0.00000, 0.00001, 0.00000, 0.00000, 0.00000, 0.00000, 0.00000, 0.00001
   1, 58, 0.00000, 0.00001, 0.00000, 0.00000, 0.00000, 0.00000,-0.00001, 0.00000, 0.00000, 0.00000, 0.00001, 0.00000, 0.00000, 0.00000, 0.00000, 0.00000, 0.00001
   1, 59, 0.00000, 0.00001, 0.00000, 0.00000, 0.00000, 0.00000,-0.00001, 0.00000, 0.00000, 0.00000, 0.00001, 0.00000, 0.00000, 0.00000, 0.00000, 0.00000, 0.00001
   1, 60, 0.00000, 0.00001, 0.00000, 0.00000, 0.00000, 0.00000,-0.00002, 0.00000, 0.00000, 0.00000, 0.00001, 0.00000, 0.00000, 0.00000, 0.00000, 0.00000, 0.00001
   1, 61, 0.00000, 0.00001, 0.00000, 0.00000, 0.00000, 0.00000,-0.00001, 0.00000, 0.00000, 0.00000, 0.00001, 0.00000, 0.00000, 0.00000, 0.00000, 0.00000, 0.00001
   1, 62, 0.00000, 0.00001, 0.00000, 0.00000, 0.00000, 0.00000,-0.00001, 0.00000, 0.00000, 0.00000, 0.00001, 0.00000, 0.00000, 0.00000, 0.00000, 0.00000, 0.00001
   1, 63, 0.00000, 0.00002, 0.00000, 0.00000, 0.00000, 0.00000,-0.00001, 0.00000, 0.00000, 0.00000, 0.00002, 0.00000, 0.00000, 0.00000, 0.00000, 0.00000, 0.00001
   1, 64, 0.00000, 0.00001, 0.00000, 0.00000, 0.00000, 0.00000,-0.00002, 0.00000, 0.00000, 0.00000, 0.00001, 0.00000, 0.00000, 0.00000, 0.00000, 0.00000, 0.00001
   1, 65, 0.00000, 0.00001, 0.00000, 0.00000, 0.00000, 0.00000,-0.00002, 0.00000, 0.00000, 0.00000, 0.00001, 0.00000, 0.00000, 0.00000, 0.00000, 0.00000, 0.00001
   1, 66, 0.00000, 0.00001, 0.00000, 0.00000, 0.00000, 0.00000,-0.00001, 0.00000, 0.00000, 0.00000, 0.00001, 0.00000, 0.00000, 0.00000, 0.00000, 0.00000, 0.00001
   1, 67, 0.00000, 0.00001, 0.00000, 0.00000, 0.00000, 0.00000,-0.00001, 0.00000, 0.00000, 0.00000, 0.00001, 0.00000, 0.00000, 0.00000, 0.00000, 0.00000, 0.00001
   1, 68, 0.00000, 0.00001, 0.00000, 0.00000, 0.00000, 0.00000,-0.00001, 0.00000, 0.00000, 0.00000, 0.00001, 0.00000, 0.00000, 0.00000, 0.00000, 0.00000, 0.00001
   1, 69, 0.00000, 0.00001, 0.00000, 0.00000, 0.00000, 0.00000,-0.00001, 0.00000, 0.00000, 0.00000, 0.00001, 0.00000, 0.00000, 0.00000, 0.00000, 0.00000, 0.00001
   1, 70, 0.00000, 0.00001, 0.00000, 0.00000, 0.00000, 0.00000,-0.00001, 0.00000, 0.00000, 0.00000, 0.00001, 0.00000, 0.00000, 0.00000, 0.00000, 0.00000, 0.00001
   1, 71, 0.00000, 0.00001, 0.00000, 0.00000, 0.00000, 0.00000,-0.00001, 0.00000, 0.00000, 0.00000, 0.00001, 0.00000, 0.00000, 0.00000, 0.00000, 0.00000, 0.00001
   1, 72, 0.00000, 0.00001, 0.00000, 0.00000, 0.00000, 0.00000,-0.00001, 0.00000, 0.00000, 0.00000, 0.00001, 0.00000, 0.00000, 0.00000, 0.00000, 0.00000, 0.00001
   1, 73, 0.00000, 0.00001, 0.00000, 0.00000, 0.00000, 0.00000,-0.00001, 0.00000, 0.00000, 0.00000, 0.00001, 0.00000, 0.00000, 0.00000, 0.00000, 0.00000, 0.00001
   1, 74, 0.00000, 0.00001, 0.00000, 0.00000, 0.00000, 0.00000,-0.00001, 0.00000, 0.00000, 0.00000, 0.00001, 0.00000, 0.00000, 0.00000, 0.00000, 0.00000, 0.00001
   1, 75, 0.00000, 0.00001, 0.00000, 0.00000, 0.00000, 0.00000,-0.00001, 0.00000, 0.00000, 0.00000, 0.00001, 0.00000, 0.00000, 0.00000, 0.00000, 0.00000, 0.00001
   1, 76, 0.00000, 0.00001, 0.00000, 0.00000, 0.00000, 0.00000,-0.00001, 0.00000, 0.00000, 0.00000, 0.00001, 0.00000, 0.00000, 0.00000, 0.00000, 0.00000, 0.00001
   1, 77, 0.00000, 0.00001, 0.00000, 0.00000, 0.00000, 0.00000,-0.00001, 0.00000, 0.00000, 0.00000, 0.00001, 0.00000, 0.00000, 0.00000, 0.00000, 0.00000, 0.00001
   1, 78, 0.00000, 0.00001, 0.00000, 0.00000, 0.00000, 0.00000,-0.00001, 0.00000, 0.00000, 0.00000, 0.00001, 0.00000, 0.00000, 0.00000, 0.00000, 0.00000, 0.00001
   1, 79, 0.00000, 0.00001, 0.00000, 0.00000, 0.00000, 0.00000,-0.00001, 0.00000, 0.00000, 0.00000, 0.00001, 0.00000, 0.00000, 0.00000, 0.00000, 0.00000, 0.00001
   1, 80, 0.00000, 0.00001, 0.00000, 0.00000, 0.00000, 0.00000,-0.00001, 0.00000, 0.00000, 0.00000, 0.00001, 0.00000, 0.00000, 0.00000, 0.00000, 0.00000, 0.00001
   1, 81, 0.00000, 0.00001, 0.00000, 0.00000, 0.00000, 0.00000,-0.00001, 0.00000, 0.00000, 0.00000, 0.00001, 0.00000, 0.00000, 0.00000, 0.00000, 0.00000, 0.00001
   1, 82, 0.00000, 0.00001, 0.00000, 0.00000, 0.00000, 0.00000,-0.00001, 0.00000, 0.00000, 0.00000, 0.00001, 0.00000, 0.00000, 0.00000, 0.00000, 0.00000, 0.00001
   1, 83, 0.00000, 0.00001, 0.00000, 0.00000, 0.00000, 0.00000,-0.00001, 0.00000, 0.00000, 0.00000, 0.00001, 0.00000, 0.00000, 0.00000, 0.00000, 0.00000, 0.00001
   1, 84, 0.00000, 0.00001, 0.00000, 0.00000, 0.00000, 0.00000,-0.00001, 0.00000, 0.00000, 0.00000, 0.00001, 0.00000, 0.00000, 0.00000, 0.00000, 0.00000, 0.00001
   1, 85, 0.00000, 0.00001, 0.00000, 0.00000, 0.00000, 0.00000,-0.00001, 0.00000, 0.00000, 0.00000, 0.00001, 0.00000, 0.00000, 0.00000, 0.00000, 0.00000, 0.00001
   1, 86, 0.00000, 0.00001, 0.00000, 0.00000, 0.00000, 0.00000,-0.00001, 0.00000, 0.00000, 0.00000, 0.00001, 0.00000, 0.00000, 0.00000, 0.00000, 0.00000, 0.00001
   1, 87, 0.00000, 0.00001, 0.00000, 0.00000, 0.00000, 0.00000,-0.00001, 0.00000, 0.00000, 0.00000, 0.00001, 0.00000, 0.00000, 0.00000, 0.00000, 0.00000, 0.00001
   1, 88, 0.00000, 0.00001, 0.00000, 0.00000, 0.00000, 0.00000,-0.00001, 0.00000, 0.00000, 0.00000, 0.00001, 0.00000, 0.00000, 0.00000, 0.00000, 0.00000, 0.00001
   1, 89, 0.00000, 0.00001, 0.00000, 0.00000, 0.00000, 0.00000,-0.00001, 0.00000, 0.00000, 0.00000, 0.00001, 0.00000, 0.00000, 0.00000, 0.00000, 0.00000, 0.00001
   1, 90, 0.00000, 0.00001, 0.00000, 0.00000, 0.00000, 0.00000,-0.00001, 0.00000, 0.00000, 0.00000, 0.00000, 0.00000, 0.00000, 0.00000, 0.00000, 0.00000, 0.00001
   1, 91, 0.00000, 0.00001, 0.00000, 0.00000, 0.00000, 0.00000,-0.00001, 0.00000, 0.00000, 0.00000, 0.00001, 0.00000, 0.00000, 0.00000, 0.00000, 0.00000, 0.00001
   1, 92, 0.00000, 0.00001, 0.00000, 0.00000, 0.00000, 0.00000,-0.00001, 0.00000, 0.00000, 0.00000, 0.00001, 0.00000, 0.00000, 0.00000, 0.00000, 0.00000, 0.00001
   1, 93, 0.00000, 0.00001, 0.00000, 0.00000, 0.00000, 0.00000,-0.00001, 0.00000, 0.00000, 0.00000, 0.00001, 0.00000, 0.00000, 0.00000, 0.00000, 0.00000, 0.00001
   1, 94, 0.00000, 0.00001, 0.00000, 0.00000, 0.00000, 0.00000,-0.00001, 0.00000, 0.00000, 0.00000, 0.00001, 0.00000, 0.00000, 0.00000, 0.00000, 0.00000, 0.00001
   1, 95, 0.00000, 0.00001, 0.00000, 0.00000, 0.00000, 0.00000,-0.00001, 0.00000, 0.00000, 0.00000, 0.00001, 0.00000, 0.00000, 0.00000, 0.00000, 0.00000, 0.00001
   1, 96, 0.00000, 0.00001, 0.00000, 0.00000, 0.00000, 0.00000,-0.00001, 0.00000, 0.00000, 0.00000, 0.00001, 0.00000, 0.00000, 0.00000, 0.00000, 0.00000, 0.00001
   1, 97, 0.00000, 0.00001, 0.00000, 0.00000, 0.00000, 0.00000,-0.00001, 0.00000, 0.00000, 0.00000, 0.00001, 0.00000, 0.00000, 0.00000, 0.00000, 0.00000, 0.00001
   1, 98, 0.00000, 0.00001, 0.00000, 0.00000, 0.00000, 0.00000,-0.00001, 0.00000, 0.00000, 0.00000, 0.00001, 0.00000, 0.00000, 0.00000, 0.00000, 0.00000, 0.00001
   1, 99, 0.00000, 0.00001, 0.00000, 0.00000, 0.00000, 0.00000,-0.00001, 0.00000, 0.00000, 0.00000, 0.00001, 0.00000, 0.00000, 0.00000, 0.00000, 0.00000, 0.00001
   1,100, 0.00000, 0.00001, 0.00000, 0.00000, 0.00000, 0.00000,-0.00001, 0.00000, 0.00000, 0.00000, 0.00001, 0.00000, 0.00000, 0.00000, 0.00000, 0.00000, 0.00001
   1,101, 0.00000, 0.00000, 0.00000, 0.00000, 0.00000, 0.00000,-0.00001, 0.00000, 0.00000, 0.00000, 0.00000, 0.00000, 0.00000, 0.00000, 0.00000, 0.00000, 0.00001
   1,102, 0.00000, 0.00000, 0.00000, 0.00000, 0.00000, 0.00000,-0.00000, 0.00000, 0.00000, 0.00000, 0.00000, 0.00000, 0.00000, 0.00000, 0.00000, 0.00000, 0.00001
   1,103, 0.00000, 0.00001, 0.00000, 0.00000, 0.00000, 0.00000,-0.00000, 0.00000, 0.00000, 0.00000, 0.00001, 0.00000, 0.00000, 0.00000, 0.00000, 0.00000, 0.00001
   1,104, 0.00000, 0.00001, 0.00000, 0.00000, 0.00000, 0.00000,-0.00001, 0.00000, 0.00000, 0.00000, 0.00000, 0.00000, 0.00000, 0.00000, 0.00000, 0.00000, 0.00001
   1,105, 0.00000, 0.00000, 0.00000, 0.00000, 0.00000, 0.00000,-0.00001, 0.00000, 0.00000, 0.00000, 0.00000, 0.00000, 0.00000, 0.00000, 0.00000, 0.00000, 0.00001
   1,106, 0.00000, 0.00000, 0.00000, 0.00000, 0.00000, 0.00000,-0.00000, 0.00000, 0.00000, 0.00000, 0.00000, 0.00000, 0.00000, 0.00000, 0.00000, 0.00000, 0.00001
   1,107, 0.00000, 0.00000, 0.00000, 0.00000, 0.00000, 0.00000,-0.00000, 0.00000, 0.00000, 0.00000, 0.00000, 0.00000, 0.00000, 0.00000, 0.00000, 0.00000, 0.00001
   1,108, 0.00000, 0.00000, 0.00000, 0.00000, 0.00000, 0.00000,-0.00000, 0.00000, 0.00000, 0.00000, 0.00000, 0.00000, 0.00000, 0.00000, 0.00000, 0.00000, 0.00001
   1,109, 0.00000, 0.00000, 0.00000, 0.00000, 0.00000, 0.00000,-0.00000, 0.00000, 0.00000, 0.00000, 0.00000, 0.00000, 0.00000, 0.00000, 0.00000, 0.00000, 0.00001
   1,110, 0.00000, 0.00000, 0.00000, 0.00000, 0.00000, 0.00000,-0.00000, 0.00000, 0.00000, 0.00000, 0.00000, 0.00000, 0.00000, 0.00000, 0.00000, 0.00000, 0.00001
   1,111, 0.00000, 0.00001, 0.00000, 0.00000, 0.00000, 0.00000,-0.00000, 0.00000, 0.00000, 0.00000, 0.00001, 0.00000, 0.00000, 0.00000, 0.00000, 0.00000, 0.00001
   1,112, 0.00000, 0.00001, 0.00000, 0.00000, 0.00000, 0.00000,-0.00001, 0.00000, 0.00000, 0.00000, 0.00001, 0.00000, 0.00000, 0.00000, 0.00000, 0.00000, 0.00001
   1,113, 0.00000, 0.00001, 0.00000, 0.00000, 0.00000, 0.00000,-0.00001, 0.00000, 0.00000, 0.00000, 0.00000, 0.00000, 0.00000, 0.00000, 0.00000, 0.00000, 0.00001
   1,114, 0.00000, 0.00001, 0.00000, 0.00000, 0.00000, 0.00000,-0.00001, 0.00000, 0.00000, 0.00000, 0.00001, 0.00000, 0.00000, 0.00000, 0.00000, 0.00000, 0.00001
   1,115, 0.00000, 0.00001, 0.00000, 0.00000, 0.00000, 0.00000,-0.00001, 0.00000, 0.00000, 0.00000, 0.00001, 0.00000, 0.00000, 0.00000, 0.00000, 0.00000, 0.00001
   1,116, 0.00000, 0.00000, 0.00000, 0.00000, 0.00000, 0.00000,-0.00001, 0.00000, 0.00000, 0.00000, 0.00000, 0.00000, 0.00000, 0.00000, 0.00000, 0.00000, 0.00001
   1,117, 0.00000, 0.00000, 0.00000, 0.00000, 0.00000, 0.00000,-0.00000, 0.00000, 0.00000, 0.00000, 0.00000, 0.00000, 0.00000, 0.00000, 0.00000, 0.00000, 0.00001
   1,118, 0.00000, 0.00001, 0.00000, 0.00000, 0.00000, 0.00000,-0.00000, 0.00000, 0.00000, 0.00000, 0.00000, 0.00000, 0.00000, 0.00000, 0.00000, 0.00000, 0.00001
   1,119, 0.00000, 0.00001, 0.00000, 0.00000, 0.00000, 0.00000,-0.00001, 0.00000, 0.00000, 0.00000, 0.00000, 0.00000, 0.00000, 0.00000, 0.00000, 0.00000, 0.00001
   1,120, 0.00000, 0.00001, 0.00000, 0.00000, 0.00000, 0.00000,-0.00001, 0.00000, 0.00000, 0.00000, 0.00001, 0.00000, 0.00000, 0.00000, 0.00000, 0.00000, 0.00001
   1,121, 0.00000, 0.00001, 0.00000, 0.00000, 0.00000, 0.00000,-0.00001, 0.00000, 0.00000, 0.00000, 0.00001, 0.00000, 0.00000, 0.00000, 0.00000, 0.00000, 0.00001
   1,122, 0.00000, 0.00001, 0.00000, 0.00000, 0.00000, 0.00000,-0.00001, 0.00000, 0.00000, 0.00000, 0.00001, 0.00000, 0.00000, 0.00000, 0.00000, 0.00000, 0.00001
   1,123, 0.00000, 0.00000, 0.00000, 0.00000, 0.00000, 0.00000,-0.00001, 0.00000, 0.00000, 0.00000, 0.00000, 0.00000, 0.00000, 0.00000, 0.00000, 0.00000, 0.00001
   1,124, 0.00000, 0.00000, 0.00000, 0.00000, 0.00000, 0.00000,-0.00000, 0.00000, 0.00000, 0.00000, 0.00000, 0.00000, 0.00000, 0.00000, 0.00000, 0.00000, 0.00001
   1,125, 0.00000, 0.00000, 0.00000, 0.00000, 0.00000, 0.00000,-0.00000, 0.00000, 0.00000, 0.00000, 0.00000, 0.00000, 0.00000, 0.00000, 0.00000, 0.00000, 0.00001
   1,126, 0.00000, 0.00000, 0.00000, 0.00000, 0.00000, 0.00000,-0.00000, 0.00000, 0.00000, 0.00000, 0.00000, 0.00000, 0.00000, 0.00000, 0.00000, 0.00000, 0.00001
   1,127, 0.00000, 0.00000, 0.00000, 0.00000, 0.00000, 0.00000,-0.00000, 0.00000, 0.00000, 0.00000, 0.00000, 0.00000, 0.00000, 0.00000, 0.00000, 0.00000, 0.00001
   1,128, 0.00000, 0.00000, 0.00000, 0.00000, 0.00000, 0.00000,-0.00000, 0.00000, 0.00000, 0.00000, 0.00000, 0.00000, 0.00000, 0.00000, 0.00000, 0.00000, 0.00001
   1,129, 0.00000, 0.00000, 0.00000, 0.00000, 0.00000, 0.00000,-0.00000, 0.00000, 0.00000, 0.00000, 0.00000, 0.00000, 0.00000, 0.00000, 0.00000, 0.00000, 0.00001
   1,130, 0.00000, 0.00000, 0.00000, 0.00000, 0.00000, 0.00000,-0.00000, 0.00000, 0.00000, 0.00000, 0.00000, 0.00000, 0.00000, 0.00000, 0.00000, 0.00000, 0.00001
   1,131, 0.00000, 0.00000, 0.00000, 0.00000, 0.00000, 0.00000,-0.00000, 0.00000, 0.00000, 0.00000, 0.00000, 0.00000, 0.00000, 0.00000, 0.00000, 0.00000, 0.00001
   1,132, 0.00000, 0.00000, 0.00000, 0.00000, 0.00000, 0.00000,-0.00000, 0.00000, 0.00000, 0.00000, 0.00000, 0.00000, 0.00000, 0.00000, 0.00000, 0.00000, 0.00001
   1,133, 0.00000, 0.00000, 0.00000, 0.00000, 0.00000, 0.00000,-0.00000, 0.00000, 0.00000, 0.00000, 0.00000, 0.00000, 0.00000, 0.00000, 0.00000, 0.00000, 0.00001
   1,134, 0.00000, 0.00000, 0.00000, 0.00000, 0.00000, 0.00000,-0.00000, 0.00000, 0.00000, 0.00000, 0.00000, 0.00000, 0.00000, 0.00000, 0.00000, 0.00000, 0.00001
   1,135, 0.00000, 0.00001, 0.00000, 0.00000, 0.00000, 0.00000,-0.00000, 0.00000, 0.00000, 0.00000, 0.00000, 0.00000, 0.00000, 0.00000, 0.00000, 0.00000, 0.00001
   1,136, 0.00000, 0.00001, 0.00000, 0.00000, 0.00000, 0.00000,-0.00001, 0.00000, 0.00000, 0.00000, 0.00000, 0.00000, 0.00000, 0.00000, 0.00000, 0.00000, 0.00001
   1,137, 0.00000, 0.00000, 0.00000, 0.00000, 0.00000, 0.00000,-0.00001, 0.00000, 0.00000, 0.00000, 0.00000, 0.00000, 0.00000, 0.00000, 0.00000, 0.00000, 0.00001
   1,138, 0.00000, 0.00000, 0.00000, 0.00000, 0.00000, 0.00000,-0.00000, 0.00000, 0.00000, 0.00000, 0.00000, 0.00000, 0.00000, 0.00000, 0.00000, 0.00000, 0.00001
   1,139, 0.00000, 0.00000, 0.00000, 0.00000, 0.00000, 0.00000,-0.00000, 0.00000, 0.00000, 0.00000, 0.00000, 0.00000, 0.00000, 0.00000, 0.00000, 0.00000, 0.00001
   1,140, 0.00000, 0.00000, 0.00000, 0.00000, 0.00000, 0.00000,-0.00000, 0.00000, 0.00000, 0.00000, 0.00000, 0.00000, 0.00000, 0.00000, 0.00000, 0.00000, 0.00001
   1,141, 0.00000, 0.00000, 0.00000, 0.00000, 0.00000, 0.00000,-0.00000, 0.00000, 0.00000, 0.00000, 0.00000, 0.00000, 0.00000, 0.00000, 0.00000, 0.00000, 0.00001
   1,142, 0.00000, 0.00000, 0.00000, 0.00000, 0.00000, 0.00000,-0.00000, 0.00000, 0.00000, 0.00000, 0.00000, 0.00000, 0.00000, 0.00000, 0.00000, 0.00000, 0.00001
   1,143, 0.00000, 0.00000, 0.00000, 0.00000, 0.00000, 0.00000,-0.00000, 0.00000, 0.00000, 0.00000, 0.00000, 0.00000, 0.00000, 0.00000, 0.00000, 0.00000, 0.00001
   1,144, 0.00000, 0.00000, 0.00000, 0.00000, 0.00000, 0.00000,-0.00000, 0.00000, 0.00000, 0.00000, 0.00000, 0.00000, 0.00000, 0.00000, 0.00000, 0.00000, 0.00001
   1,145, 0.00000, 0.00000, 0.00000, 0.00000, 0.00000, 0.00000,-0.00000, 0.00000, 0.00000, 0.00000, 0.00000, 0.00000, 0.00000, 0.00000, 0.00000, 0.00000, 0.00001
   1,146, 0.00000, 0.00000, 0.00000, 0.00000, 0.00000, 0.00000,-0.00000, 0.00000, 0.00000, 0.00000, 0.00000, 0.00000, 0.00000, 0.00000, 0.00000, 0.00000, 0.00001
   1,147, 0.00000, 0.00000, 0.00000, 0.00000, 0.00000, 0.00000,-0.00000, 0.00000, 0.00000, 0.00000, 0.00000, 0.00000, 0.00000, 0.00000, 0.00000, 0.00000, 0.00001
   1,148, 0.00000, 0.00000, 0.00000, 0.00000, 0.00000, 0.00000,-0.00000, 0.00000, 0.00000, 0.00000, 0.00000, 0.00000, 0.00000, 0.00000, 0.00000, 0.00000, 0.00001
   1,149, 0.00000, 0.00000, 0.00000, 0.00000, 0.00000, 0.00000,-0.00000, 0.00000, 0.00000, 0.00000, 0.00000, 0.00000, 0.00000, 0.00000, 0.00000, 0.00000, 0.00001
   1,150, 0.00000, 0.00000, 0.00000, 0.00000, 0.00000, 0.00000,-0.00000, 0.00000, 0.00000, 0.00000, 0.00000, 0.00000, 0.00000, 0.00000, 0.00000, 0.00000, 0.00001
   1,151, 0.00000, 0.00000, 0.00000, 0.00000, 0.00000, 0.00000,-0.00000, 0.00000, 0.00000, 0.00000, 0.00000, 0.00000, 0.00000, 0.00000, 0.00000, 0.00000, 0.00001
   1,152, 0.00000, 0.00000, 0.00000, 0.00000, 0.00000, 0.00000,-0.00000, 0.00000, 0.00000, 0.00000, 0.00000, 0.00000, 0.00000, 0.00000, 0.00000, 0.00000, 0.00001
   1,153, 0.00000, 0.00000, 0.00000, 0.00000, 0.00000, 0.00000,-0.00000, 0.00000, 0.00000, 0.00000, 0.00000, 0.00000, 0.00000, 0.00000, 0.00000, 0.00000, 0.00001
   1,154, 0.00000, 0.00000, 0.00000, 0.00000, 0.00000, 0.00000,-0.00000, 0.00000, 0.00000, 0.00000, 0.00000, 0.00000, 0.00000, 0.00000, 0.00000, 0.00000, 0.00001
   1,155, 0.00000, 0.00000, 0.00000, 0.00000, 0.00000, 0.00000,-0.00000, 0.00000, 0.00000, 0.00000, 0.00000, 0.00000, 0.00000, 0.00000, 0.00000, 0.00000, 0.00001
   1,156, 0.00000, 0.00000, 0.00000, 0.00000, 0.00000, 0.00000,-0.00000, 0.00000, 0.00000, 0.00000, 0.00000, 0.00000, 0.00000, 0.00000, 0.00000, 0.00000, 0.00001
   1,157, 0.00000, 0.00000, 0.00000, 0.00000, 0.00000, 0.00000,-0.00000, 0.00000, 0.00000, 0.00000, 0.00000, 0.00000, 0.00000, 0.00000, 0.00000, 0.00000, 0.00001
   1,158, 0.00000, 0.00000, 0.00000, 0.00000, 0.00000, 0.00000,-0.00000, 0.00000, 0.00000, 0.00000, 0.00000, 0.00000, 0.00000, 0.00000, 0.00000, 0.00000, 0.00001
   1,159, 0.00000, 0.00000, 0.00000, 0.00000, 0.00000, 0.00000,-0.00000, 0.00000, 0.00000, 0.00000, 0.00000, 0.00000, 0.00000, 0.00000, 0.00000, 0.00000, 0.00001
   1,160, 0.00000, 0.00000, 0.00000, 0.00000, 0.00000, 0.00000,-0.00000, 0.00000, 0.00000, 0.00000, 0.00000, 0.00000, 0.00000, 0.00000, 0.00000, 0.00000, 0.00001
   1,161, 0.00000, 0.00000, 0.00000, 0.00000, 0.00000, 0.00000,-0.00000, 0.00000, 0.00000, 0.00000, 0.00000, 0.00000, 0.00000, 0.00000, 0.00000, 0.00000, 0.00001
   1,162, 0.00000, 0.00000, 0.00000, 0.00000, 0.00000, 0.00000,-0.00000, 0.00000, 0.00000, 0.00000, 0.00000, 0.00000, 0.00000, 0.00000, 0.00000, 0.00000, 0.00001
   1,163, 0.00000, 0.00000, 0.00000, 0.00000, 0.00000, 0.00000,-0.00000, 0.00000, 0.00000, 0.00000, 0.00000, 0.00000, 0.00000, 0.00000, 0.00000, 0.00000, 0.00001
   1,164, 0.00000, 0.00000, 0.00000, 0.00000, 0.00000, 0.00000,-0.00000, 0.00000, 0.00000, 0.00000, 0.00000, 0.00000, 0.00000, 0.00000, 0.00000, 0.00000, 0.00001
   1,165, 0.00000, 0.00000, 0.00000, 0.00000, 0.00000, 0.00000,-0.00000, 0.00000, 0.00000, 0.00000, 0.00000, 0.00000, 0.00000, 0.00000, 0.00000, 0.00000, 0.00001
   1,166, 0.00000, 0.00000, 0.00000, 0.00000, 0.00000, 0.00000,-0.00000, 0.00000, 0.00000, 0.00000, 0.00000, 0.00000, 0.00000, 0.00000, 0.00000, 0.00000, 0.00001
   1,167, 0.00000, 0.00000, 0.00000, 0.00000, 0.00000, 0.00000,-0.00000, 0.00000, 0.00000, 0.00000, 0.00000, 0.00000, 0.00000, 0.00000, 0.00000, 0.00000, 0.00001
   1,168, 0.00000, 0.00000, 0.00000, 0.00000, 0.00000, 0.00000,-0.00000, 0.00000, 0.00000, 0.00000, 0.00000, 0.00000, 0.00000, 0.00000, 0.00000, 0.00000, 0.00001
   1,169, 0.00000, 0.00000, 0.00000, 0.00000, 0.00000, 0.00000,-0.00000, 0.00000, 0.00000, 0.00000, 0.00000, 0.00000, 0.00000, 0.00000, 0.00000, 0.00000, 0.00001
   1,170, 0.00000, 0.00000, 0.00000, 0.00000, 0.00000, 0.00000,-0.00000, 0.00000, 0.00000, 0.00000, 0.00000, 0.00000, 0.00000, 0.00000, 0.00000, 0.00000, 0.00001
   1,171, 0.00000, 0.00000, 0.00000, 0.00000, 0.00000, 0.00000,-0.00000, 0.00000, 0.00000, 0.00000, 0.00000, 0.00000, 0.00000, 0.00000, 0.00000, 0.00000, 0.00001
   1,172, 0.00000, 0.00000, 0.00000, 0.00000, 0.00000, 0.00000,-0.00000, 0.00000, 0.00000, 0.00000, 0.00000, 0.00000, 0.00000, 0.00000, 0.00000, 0.00000, 0.00001
   1,173, 0.00000, 0.00000, 0.00000, 0.00000, 0.00000, 0.00000,-0.00000, 0.00000, 0.00000, 0.00000, 0.00000, 0.00000, 0.00000, 0.00000, 0.00000, 0.00000, 0.00001
   1,174, 0.00000, 0.00000, 0.00000, 0.00000, 0.00000, 0.00000,-0.00000, 0.00000, 0.00000, 0.00000, 0.00000, 0.00000, 0.00000, 0.00000, 0.00000, 0.00000, 0.00001
   1,175, 0.00000, 0.00000, 0.00000, 0.00000, 0.00000, 0.00000,-0.00000, 0.00000, 0.00000, 0.00000, 0.00000, 0.00000, 0.00000, 0.00000, 0.00000, 0.00000, 0.00001
   1,176, 0.00000, 0.00000, 0.00000, 0.00000, 0.00000, 0.00000,-0.00000, 0.00000, 0.00000, 0.00000, 0.00000, 0.00000, 0.00000, 0.00000, 0.00000, 0.00000, 0.00001
   1,177, 0.00000, 0.00001, 0.00000, 0.00000, 0.00000, 0.00000,-0.00000, 0.00000, 0.00000, 0.00000, 0.00000, 0.00000, 0.00000, 0.00000, 0.00000, 0.00000, 0.00001
   1,178, 0.00000, 0.00001, 0.00000, 0.00000, 0.00000, 0.00000,-0.00001, 0.00000, 0.00000, 0.00000, 0.00001, 0.00000, 0.00000, 0.00000, 0.00000, 0.00000, 0.00001
   1,179, 0.00000, 0.00000, 0.00000, 0.00000, 0.00000, 0.00000,-0.00001, 0.00000, 0.00000, 0.00000, 0.00000, 0.00000, 0.00000, 0.00000, 0.00000, 0.00000, 0.00001
   1,180, 0.00000, 0.00000, 0.00000, 0.00000, 0.00000, 0.00000,-0.00000, 0.00000, 0.00000, 0.00000, 0.00000, 0.00000, 0.00000, 0.00000, 0.00000, 0.00000, 0.00001
   1,181, 0.00000, 0.00000, 0.00000, 0.00000, 0.00000, 0.00000,-0.00000, 0.00000, 0.00000, 0.00000, 0.00000, 0.00000, 0.00000, 0.00000, 0.00000, 0.00000, 0.00001
   1,182, 0.00000, 0.00000, 0.00000, 0.00000, 0.00000, 0.00000,-0.00000, 0.00000, 0.00000, 0.00000, 0.00000, 0.00000, 0.00000, 0.00000, 0.00000, 0.00000, 0.00001
   1,183, 0.00000, 0.00000, 0.00000, 0.00000, 0.00000, 0.00000,-0.00000, 0.00000, 0.00000, 0.00000, 0.00000, 0.00000, 0.00000, 0.00000, 0.00000, 0.00000, 0.00001
   1,184, 0.00000, 0.00000, 0.00000, 0.00000, 0.00000, 0.00000,-0.00000, 0.00000, 0.00000, 0.00000, 0.00000, 0.00000, 0.00000, 0.00000, 0.00000, 0.00000, 0.00001
   1,185, 0.00000, 0.00000, 0.00000, 0.00000, 0.00000, 0.00000,-0.00000, 0.00000, 0.00000, 0.00000, 0.00000, 0.00000, 0.00000, 0.00000, 0.00000, 0.00000, 0.00001
   1,186, 0.00000, 0.00001, 0.00000, 0.00000, 0.00000, 0.00000,-0.00000, 0.00000, 0.00000, 0.00000, 0.00001, 0.00000, 0.00000, 0.00000, 0.00000, 0.00000, 0.00001
   1,187, 0.00000, 0.00001, 0.00000, 0.00000, 0.00000, 0.00000,-0.00001, 0.00000, 0.00000, 0.00000, 0.00000, 0.00000, 0.00000, 0.00000, 0.00000, 0.00000, 0.00001
   1,188, 0.00000, 0.00001, 0.00000, 0.00000, 0.00000, 0.00000,-0.00001, 0.00000, 0.00000, 0.00000, 0.00001, 0.00000, 0.00000, 0.00000, 0.00000, 0.00000, 0.00001
   1,189, 0.00000, 0.00001, 0.00000, 0.00000, 0.00000, 0.00000,-0.00001, 0.00000, 0.00000, 0.00000, 0.00001, 0.00000, 0.00000, 0.00000, 0.00000, 0.00000, 0.00001
   1,190, 0.00000, 0.00001, 0.00000, 0.00000, 0.00000, 0.00000,-0.00001, 0.00000, 0.00000, 0.00000, 0.00001, 0.00000, 0.00000, 0.00000, 0.00000, 0.00000, 0.00001
   1,191, 0.00000, 0.00001, 0.00000, 0.00000, 0.00000, 0.00000,-0.00001, 0.00000, 0.00000, 0.00000, 0.00000, 0.00000, 0.00000, 0.00000, 0.00000, 0.00000, 0.00001
   1,192, 0.00000, 0.00001, 0.00000, 0.00000, 0.00000, 0.00000,-0.00001, 0.00000, 0.00000, 0.00000, 0.00001, 0.00000, 0.00000, 0.00000, 0.00000, 0.00000, 0.00001
   1,193, 0.00000, 0.00000, 0.00000, 0.00000, 0.00000, 0.00000,-0.00001, 0.00000, 0.00000, 0.00000, 0.00000, 0.00000, 0.00000, 0.00000, 0.00000, 0.00000, 0.00001
   1,194, 0.00000, 0.00000, 0.00000, 0.00000, 0.00000, 0.00000,-0.00000, 0.00000, 0.00000, 0.00000, 0.00000, 0.00000, 0.00000, 0.00000, 0.00000, 0.00000, 0.00001
   1,195, 0.00000, 0.00000, 0.00000, 0.00000, 0.00000, 0.00000,-0.00000, 0.00000, 0.00000, 0.00000, 0.00000, 0.00000, 0.00000, 0.00000, 0.00000, 0.00000, 0.00001
   1,196, 0.00000, 0.00000, 0.00000, 0.00000, 0.00000, 0.00000,-0.00000, 0.00000, 0.00000, 0.00000, 0.00000, 0.00000, 0.00000, 0.00000, 0.00000, 0.00000, 0.00001
   1,197, 0.00000, 0.00001, 0.00000, 0.00000, 0.00000, 0.00000,-0.00000, 0.00000, 0.00000, 0.00000, 0.00000, 0.00000, 0.00000, 0.00000, 0.00000, 0.00000, 0.00001
   1,198, 0.00000, 0.00001, 0.00000, 0.00000, 0.00000, 0.00000,-0.00001, 0.00000, 0.00000, 0.00000, 0.00000, 0.00000, 0.00000, 0.00000, 0.00000, 0.00000, 0.00001
   1,199, 0.00000, 0.00001, 0.00000, 0.00000, 0.00000, 0.00000,-0.00001, 0.00000, 0.00000, 0.00000, 0.00001, 0.00000, 0.00000, 0.00000, 0.00000, 0.00000, 0.00001
   1,200, 0.00000, 0.00001, 0.00000, 0.00000, 0.00000, 0.00000,-0.00001, 0.00000, 0.00000, 0.00000, 0.00001, 0.00000, 0.00000, 0.00000, 0.00000, 0.00000, 0.00001
   1,201, 0.00000, 0.00001, 0.00000, 0.00000, 0.00000, 0.00000,-0.00001, 0.00000, 0.00000, 0.00000, 0.00001, 0.00000, 0.00000, 0.00000, 0.00000, 0.00000, 0.00001
   1,202, 0.00000, 0.00001, 0.00000, 0.00000, 0.00000, 0.00000,-0.00001, 0.00000, 0.00000, 0.00000, 0.00001, 0.00000, 0.00000, 0.00000, 0.00000, 0.00000, 0.00001
   1,203, 0.00000, 0.00001, 0.00000, 0.00000, 0.00000, 0.00000,-0.00001, 0.00000, 0.00000, 0.00000, 0.00001, 0.00000, 0.00000, 0.00000, 0.00000, 0.00000, 0.00001
   1,204, 0.00000, 0.00001, 0.00000, 0.00000, 0.00000, 0.00000,-0.00001, 0.00000, 0.00000, 0.00000, 0.00001, 0.00000, 0.00000, 0.00000, 0.00000, 0.00000, 0.00001
   1,205, 0.00000, 0.00001, 0.00000, 0.00000, 0.00000, 0.00000,-0.00001, 0.00000, 0.00000, 0.00000, 0.00000, 0.00000, 0.00000, 0.00000, 0.00000, 0.00000, 0.00001
   1,206, 0.00000, 0.00001, 0.00000, 0.00000, 0.00000, 0.00000,-0.00001, 0.00000, 0.00000, 0.00000, 0.00001, 0.00000, 0.00000, 0.00000, 0.00000, 0.00000, 0.00001
   1,207, 0.00000, 0.00001, 0.00000, 0.00000, 0.00000, 0.00000,-0.00001, 0.00000, 0.00000, 0.00000, 0.00001, 0.00000, 0.00000, 0.00000, 0.00000, 0.00000, 0.00001
   1,208, 0.00000, 0.00001, 0.00000, 0.00000, 0.00000, 0.00000,-0.00001, 0.00000, 0.00000, 0.00000, 0.00001, 0.00000, 0.00000, 0.00000, 0.00000, 0.00000, 0.00001
   1,209, 0.00000, 0.00001, 0.00000, 0.00000, 0.00000, 0.00000,-0.00001, 0.00000, 0.00000, 0.00000, 0.00001, 0.00000, 0.00000, 0.00000, 0.00000, 0.00000, 0.00001
   1,210, 0.00000, 0.00001, 0.00000, 0.00000, 0.00000, 0.00000,-0.00001, 0.00000, 0.00000, 0.00000, 0.00001, 0.00000, 0.00000, 0.00000, 0.00000, 0.00000, 0.00001
   1,211, 0.00000, 0.00001, 0.00000, 0.00000, 0.00000, 0.00000,-0.00001, 0.00000, 0.00000, 0.00000, 0.00001, 0.00000, 0.00000, 0.00000, 0.00000, 0.00000, 0.00001
   1,212, 0.00000, 0.00001, 0.00000, 0.00000, 0.00000, 0.00000,-0.00001, 0.00000, 0.00000, 0.00000, 0.00001, 0.00000, 0.00000, 0.00000, 0.00000, 0.00000, 0.00001
   1,213, 0.00000, 0.00001, 0.00000, 0.00000, 0.00000, 0.00000,-0.00001, 0.00000, 0.00000, 0.00000, 0.00001, 0.00000, 0.00000, 0.00000, 0.00000, 0.00000, 0.00001
   1,214, 0.00000, 0.00001, 0.00000, 0.00000, 0.00000, 0.00000,-0.00001, 0.00000, 0.00000, 0.00000, 0.00001, 0.00000, 0.00000, 0.00000, 0.00000, 0.00000, 0.00001
   1,215, 0.00000, 0.00001, 0.00000, 0.00000, 0.00000, 0.00000,-0.00001, 0.00000, 0.00000, 0.00000, 0.00001, 0.00000, 0.00000, 0.00000, 0.00000, 0.00000, 0.00001
   1,216, 0.00000, 0.00001, 0.00000, 0.00000, 0.00000, 0.00000,-0.00001, 0.00000, 0.00000, 0.00000, 0.00001, 0.00000, 0.00000, 0.00000, 0.00000, 0.00000, 0.00001
   1,217, 0.00000, 0.00001, 0.00000, 0.00000, 0.00000, 0.00000,-0.00001, 0.00000, 0.00000, 0.00000, 0.00001, 0.00000, 0.00000, 0.00000, 0.00000, 0.00000, 0.00001
   1,218, 0.00000, 0.00001, 0.00000, 0.00000, 0.00000, 0.00000,-0.00001, 0.00000, 0.00000, 0.00000, 0.00001, 0.00000, 0.00000, 0.00000, 0.00000, 0.00000, 0.00001
   1,219, 0.00000, 0.00001, 0.00000, 0.00000, 0.00000, 0.00000,-0.00001, 0.00000, 0.00000, 0.00000, 0.00001, 0.00000, 0.00000, 0.00000, 0.00000, 0.00000, 0.00001
   1,220, 0.00000, 0.00001, 0.00000, 0.00000, 0.00000, 0.00000,-0.00001, 0.00000, 0.00000, 0.00000, 0.00001, 0.00000, 0.00000, 0.00000, 0.00000, 0.00000, 0.00001
   1,221, 0.00000, 0.00001, 0.00000, 0.00000, 0.00000, 0.00000,-0.00001, 0.00000, 0.00000, 0.00000, 0.00001, 0.00000, 0.00000, 0.00000, 0.00000, 0.00000, 0.00001
   1,222, 0.00000, 0.00001, 0.00000, 0.00000, 0.00000, 0.00000,-0.00001, 0.00000, 0.00000, 0.00000, 0.00001, 0.00000, 0.00000, 0.00000, 0.00000, 0.00000, 0.00001
   1,223, 0.00000, 0.00001, 0.00000, 0.00000, 0.00000, 0.00000,-0.00001, 0.00000, 0.00000, 0.00000, 0.00001, 0.00000, 0.00000, 0.00000, 0.00000, 0.00000, 0.00001
   1,224, 0.00000, 0.00001, 0.00000, 0.00000, 0.00000, 0.00000,-0.00001, 0.00000, 0.00000, 0.00000, 0.00001, 0.00000, 0.00000, 0.00000, 0.00000, 0.00000, 0.00001
   1,225, 0.00000, 0.00001, 0.00000, 0.00000, 0.00000, 0.00000,-0.00001, 0.00000, 0.00000, 0.00000, 0.00001, 0.00000, 0.00000, 0.00000, 0.00000, 0.00000, 0.00001
   1,226, 0.00000, 0.00001, 0.00000, 0.00000, 0.00000, 0.00000,-0.00001, 0.00000, 0.00000, 0.00000, 0.00001, 0.00000, 0.00000, 0.00000, 0.00000, 0.00000, 0.00001
   1,227, 0.00000, 0.00001, 0.00000, 0.00000, 0.00000, 0.00000,-0.00001, 0.00000, 0.00000, 0.00000, 0.00001, 0.00000, 0.00000, 0.00000, 0.00000, 0.00000, 0.00001
   1,228, 0.00000, 0.00001, 0.00000, 0.00000, 0.00000, 0.00000,-0.00001, 0.00000, 0.00000, 0.00000, 0.00001, 0.00000, 0.00000, 0.00000, 0.00000, 0.00000, 0.00001
   1,229, 0.00000, 0.00001, 0.00000, 0.00000, 0.00000, 0.00000,-0.00001, 0.00000, 0.00000, 0.00000, 0.00001, 0.00000, 0.00000, 0.00000, 0.00000, 0.00000, 0.00001
   1,230, 0.00000, 0.00001, 0.00000, 0.00000, 0.00000, 0.00000,-0.00001, 0.00000, 0.00000, 0.00000, 0.00001, 0.00000, 0.00000, 0.00000, 0.00000, 0.00000, 0.00001
   1,231, 0.00000, 0.00001, 0.00000, 0.00000, 0.00000, 0.00000,-0.00001, 0.00000, 0.00000, 0.00000, 0.00001, 0.00000, 0.00000, 0.00000, 0.00000, 0.00000, 0.00001
   1,232, 0.00000, 0.00001, 0.00000, 0.00000, 0.00000, 0.00000,-0.00001, 0.00000, 0.00000, 0.00000, 0.00001, 0.00000, 0.00000, 0.00000, 0.00000, 0.00000, 0.00001
   1,233, 0.00000, 0.00001, 0.00000, 0.00000, 0.00000, 0.00000,-0.00001, 0.00000, 0.00000, 0.00000, 0.00001, 0.00000, 0.00000, 0.00000, 0.00000, 0.00000, 0.00001
   1,234, 0.00000, 0.00001, 0.00000, 0.00000, 0.00000, 0.00000,-0.00001, 0.00000, 0.00000, 0.00000, 0.00001, 0.00000, 0.00000, 0.00000, 0.00000, 0.00000, 0.00001
   1,235, 0.00000, 0.00001, 0.00000, 0.00000, 0.00000, 0.00000,-0.00001, 0.00000, 0.00000, 0.00000, 0.00001, 0.00000, 0.00000, 0.00000, 0.00000, 0.00000, 0.00001
   1,236, 0.00000, 0.00001, 0.00000, 0.00000, 0.00000, 0.00000,-0.00001, 0.00000, 0.00000, 0.00000, 0.00001, 0.00000, 0.00000, 0.00000, 0.00000, 0.00000, 0.00001
   1,237, 0.00000, 0.00001, 0.00000, 0.00000, 0.00000, 0.00000,-0.00002, 0.00000, 0.00000, 0.00000, 0.00001, 0.00000, 0.00000, 0.00000, 0.00000, 0.00000, 0.00001
   1,238, 0.00000, 0.00001, 0.00000, 0.00000, 0.00000, 0.00000,-0.00001, 0.00000, 0.00000, 0.00000, 0.00001, 0.00000, 0.00000, 0.00000, 0.00000, 0.00000, 0.00001
   1,239, 0.00000, 0.00001, 0.00000, 0.00000, 0.00000, 0.00000,-0.00001, 0.00000, 0.00000, 0.00000, 0.00001, 0.00000, 0.00000, 0.00000, 0.00000, 0.00000, 0.00001
   1,240, 0.00000, 0.00001, 0.00000, 0.00000, 0.00000, 0.00000,-0.00001, 0.00000, 0.00000, 0.00000, 0.00001, 0.00000, 0.00000, 0.00000, 0.00000, 0.00000, 0.00001
   1,241, 0.00000, 0.00001, 0.00000, 0.00000, 0.00000, 0.00000,-0.00001, 0.00000, 0.00000, 0.00000, 0.00001, 0.00000, 0.00000, 0.00000, 0.00000, 0.00000, 0.00001
   1,242, 0.00000, 0.00001, 0.00000, 0.00000, 0.00000, 0.00000,-0.00001, 0.00000, 0.00000, 0.00000, 0.00001, 0.00000, 0.00000, 0.00000, 0.00000, 0.00000, 0.00001
   1,243, 0.00000, 0.00001, 0.00000, 0.00000, 0.00000, 0.00000,-0.00001, 0.00000, 0.00000, 0.00000, 0.00001, 0.00000, 0.00000, 0.00000, 0.00000, 0.00000, 0.00001
   1,244, 0.00000, 0.00001, 0.00000, 0.00000, 0.00000, 0.00000,-0.00001, 0.00000, 0.00000, 0.00000, 0.00001, 0.00000, 0.00000, 0.00000, 0.00000, 0.00000, 0.00001
   1,245, 0.00000, 0.00001, 0.00000, 0.00000, 0.00000, 0.00000,-0.00001, 0.00000, 0.00000, 0.00000, 0.00001, 0.00000, 0.00000, 0.00000, 0.00000, 0.00000, 0.00001
   1,246, 0.00000, 0.00001, 0.00000, 0.00000, 0.00000, 0.00000,-0.00001, 0.00000, 0.00000, 0.00000, 0.00001, 0.00000, 0.00000, 0.00000, 0.00000, 0.00000, 0.00001
   1,247, 0.00000, 0.00001, 0.00000, 0.00000, 0.00000, 0.00000,-0.00001, 0.00000, 0.00000, 0.00000, 0.00001, 0.00000, 0.00000, 0.00000, 0.00000, 0.00000, 0.00001
   1,248, 0.00000, 0.00001, 0.00000, 0.00000, 0.00000, 0.00000,-0.00001, 0.00000, 0.00000, 0.00000, 0.00001, 0.00000, 0.00000, 0.00000, 0.00000, 0.00000, 0.00001
   1,249, 0.00000, 0.00001, 0.00000, 0.00000, 0.00000, 0.00000,-0.00001, 0.00000, 0.00000, 0.00000, 0.00001, 0.00000, 0.00000, 0.00000, 0.00000, 0.00000, 0.00001
   1,250, 0.00000, 0.00001, 0.00000, 0.00000, 0.00000, 0.00000,-0.00001, 0.00000, 0.00000, 0.00000, 0.00001, 0.00000, 0.00000, 0.00000, 0.00000, 0.00000, 0.00001
   1,251, 0.00000, 0.00001, 0.00000, 0.00000, 0.00000, 0.00000,-0.00001, 0.00000, 0.00000, 0.00000, 0.00001, 0.00000, 0.00000, 0.00000, 0.00000, 0.00000, 0.00001
   1,252, 0.00000, 0.00001, 0.00000, 0.00000, 0.00000, 0.00000,-0.00001, 0.00000, 0.00000, 0.00000, 0.00001, 0.00000, 0.00000, 0.00000, 0.00000, 0.00000, 0.00001
   1,253, 0.00000, 0.00001, 0.00000, 0.00000, 0.00000, 0.00000,-0.00002, 0.00000, 0.00000, 0.00000, 0.00001, 0.00000, 0.00000, 0.00000, 0.00000, 0.00000, 0.00001
   1,254, 0.00000, 0.00001, 0.00000, 0.00000, 0.00000, 0.00000,-0.00002, 0.00000, 0.00000, 0.00000, 0.00001, 0.00000, 0.00000, 0.00000, 0.00000, 0.00000, 0.00001
   1,255, 0.00000, 0.00001, 0.00000, 0.00000, 0.00000, 0.00000,-0.00002, 0.00000, 0.00000, 0.00000, 0.00001, 0.00000, 0.00000, 0.00000, 0.00000, 0.00000, 0.00001
   1,256, 0.00000, 0.00001, 0.00000, 0.00000, 0.00000, 0.00000,-0.00001, 0.00000, 0.00000, 0.00000, 0.00001, 0.00000, 0.00000, 0.00000, 0.00000, 0.00000, 0.00001
   1,257, 0.00000, 0.00001, 0.00000, 0.00000, 0.00000, 0.00000,-0.00001, 0.00000, 0.00000, 0.00000, 0.00001, 0.00000, 0.00000, 0.00000, 0.00000, 0.00000, 0.00001
   1,258, 0.00000, 0.00001, 0.00000, 0.00000, 0.00000, 0.00000,-0.00002, 0.00000, 0.00000, 0.00000, 0.00001, 0.00000, 0.00000, 0.00000, 0.00000, 0.00000, 0.00001
   1,259, 0.00000, 0.00001, 0.00000, 0.00000, 0.00000, 0.00000,-0.00002, 0.00000, 0.00000, 0.00000, 0.00001, 0.00000, 0.00000, 0.00000, 0.00000, 0.00000, 0.00001
   1,260, 0.00000, 0.00001, 0.00000, 0.00000, 0.00000, 0.00000,-0.00001, 0.00000, 0.00000, 0.00000, 0.00001, 0.00000, 0.00000, 0.00000, 0.00000, 0.00000, 0.00001
   1,261, 0.00000, 0.00001, 0.00000, 0.00000, 0.00000, 0.00000,-0.00001, 0.00000, 0.00000, 0.00000, 0.00001, 0.00000, 0.00000, 0.00000, 0.00000, 0.00000, 0.00001
   1,262, 0.00000, 0.00002, 0.00000, 0.00000, 0.00000, 0.00000,-0.00002, 0.00000, 0.00000, 0.00000, 0.00002, 0.00000, 0.00000, 0.00000, 0.00000, 0.00000, 0.00001
   1,263, 0.00000, 0.00001, 0.00000, 0.00000, 0.00000, 0.00000,-0.00002, 0.00000, 0.00000, 0.00000, 0.00001, 0.00000, 0.00000, 0.00000, 0.00000, 0.00000, 0.00001
   1,264, 0.00000, 0.00001, 0.00000, 0.00000, 0.00000, 0.00000,-0.00002, 0.00000, 0.00000, 0.00000, 0.00001, 0.00000, 0.00000, 0.00000, 0.00000, 0.00000, 0.00001
   1,265, 0.00000, 0.00001, 0.00000, 0.00000, 0.00000, 0.00000,-0.00001, 0.00000, 0.00000, 0.00000, 0.00001, 0.00000, 0.00000, 0.00000, 0.00000, 0.00000, 0.00001
   1,266, 0.00000, 0.00002, 0.00000, 0.00000, 0.00000, 0.00000,-0.00001, 0.00000, 0.00000, 0.00000, 0.00002, 0.00000, 0.00000, 0.00000, 0.00000, 0.00000, 0.00001
   1,267, 0.00000, 0.00002, 0.00000, 0.00000, 0.00000, 0.00000,-0.00002, 0.00000, 0.00000, 0.00000, 0.00002, 0.00000, 0.00000, 0.00000, 0.00000, 0.00000, 0.00001
   1,268, 0.00000, 0.00002, 0.00000, 0.00000, 0.00000, 0.00000,-0.00002, 0.00000, 0.00000, 0.00000, 0.00002, 0.00000, 0.00000, 0.00000, 0.00000, 0.00000, 0.00001
   1,269, 0.00000, 0.00002, 0.00000, 0.00000, 0.00000, 0.00000,-0.00002, 0.00000, 0.00000, 0.00000, 0.00002, 0.00000, 0.00000, 0.00000, 0.00000, 0.00000, 0.00001
   1,270, 0.00000, 0.00002, 0.00000, 0.00000, 0.00000, 0.00000,-0.00002, 0.00000, 0.00000, 0.00000, 0.00002, 0.00000, 0.00000, 0.00000, 0.00000, 0.00000, 0.00001
   1,271, 0.00000, 0.00002, 0.00000, 0.00000, 0.00000, 0.00000,-0.00002, 0.00000, 0.00000, 0.00000, 0.00002, 0.00000, 0.00000, 0.00000, 0.00000, 0.00000, 0.00001
   1,272, 0.00000, 0.00001, 0.00000, 0.00000, 0.00000, 0.00000,-0.00002, 0.00000, 0.00000, 0.00000, 0.00001, 0.00000, 0.00000, 0.00000, 0.00000, 0.00000, 0.00001
   1,273, 0.00000, 0.00001, 0.00000, 0.00000, 0.00000, 0.00000,-0.00002, 0.00000, 0.00000, 0.00000, 0.00001, 0.00000, 0.00000, 0.00000, 0.00000, 0.00000, 0.00001
   1,274, 0.00000, 0.00001, 0.00000, 0.00000, 0.00000, 0.00000,-0.00001, 0.00000, 0.00000, 0.00000, 0.00001, 0.00000, 0.00000, 0.00000, 0.00000, 0.00000, 0.00001
   1,275, 0.00000, 0.00001, 0.00000, 0.00000, 0.00000, 0.00000,-0.00001, 0.00000, 0.00000, 0.00000, 0.00001, 0.00000, 0.00000, 0.00000, 0.00000, 0.00000, 0.00001
   1,276, 0.00000, 0.00001, 0.00000, 0.00000, 0.00000, 0.00000,-0.00002, 0.00000, 0.00000, 0.00000, 0.00001, 0.00000, 0.00000, 0.00000, 0.00000, 0.00000, 0.00001
   1,277, 0.00000, 0.00002, 0.00000, 0.00000, 0.00000, 0.00000,-0.00002, 0.00000, 0.00000, 0.00000, 0.00002, 0.00000, 0.00000, 0.00000, 0.00000, 0.00000, 0.00001
   1,278, 0.00000, 0.00002, 0.00000, 0.00000, 0.00000, 0.00000,-0.00002, 0.00000, 0.00000, 0.00000, 0.00002, 0.00000, 0.00000, 0.00000, 0.00000, 0.00000, 0.00001
   1,279, 0.00000, 0.00002, 0.00000, 0.00000, 0.00000, 0.00000,-0.00002, 0.00000, 0.00000, 0.00000, 0.00002, 0.00000, 0.00000, 0.00000, 0.00000, 0.00000, 0.00001
   1,280, 0.00000, 0.00002, 0.00000, 0.00000, 0.00000, 0.00000,-0.00002, 0.00000, 0.00000, 0.00000, 0.00002, 0.00000, 0.00000, 0.00000, 0.00000, 0.00000, 0.00001
   1,281, 0.00000, 0.00001, 0.00000, 0.00000, 0.00000, 0.00000,-0.00002, 0.00000, 0.00000, 0.00000, 0.00001, 0.00000, 0.00000, 0.00000, 0.00000, 0.00000, 0.00001
   1,282, 0.00000, 0.00002, 0.00000, 0.00000, 0.00000, 0.00000,-0.00002, 0.00000, 0.00000, 0.00000, 0.00002, 0.00000, 0.00000, 0.00000, 0.00000, 0.00000, 0.00001
   1,283, 0.00000, 0.00002, 0.00000, 0.00000, 0.00000, 0.00000,-0.00002, 0.00000, 0.00000, 0.00000, 0.00002, 0.00000, 0.00000, 0.00000, 0.00000, 0.00000, 0.00001
   1,284, 0.00000, 0.00002, 0.00000, 0.00000, 0.00000, 0.00000,-0.00002, 0.00000, 0.00000, 0.00000, 0.00002, 0.00000, 0.00000, 0.00000, 0.00000, 0.00000, 0.00001
   1,285, 0.00000, 0.00002, 0.00000, 0.00000, 0.00000, 0.00000,-0.00002, 0.00000, 0.00000, 0.00000, 0.00002, 0.00000, 0.00000, 0.00000, 0.00000, 0.00000, 0.00001
   1,286, 0.00000, 0.00002, 0.00000, 0.00000, 0.00000, 0.00000,-0.00002, 0.00000, 0.00000, 0.00000, 0.00002, 0.00000, 0.00000, 0.00000, 0.00000, 0.00000, 0.00001
   1,287, 0.00000, 0.00002, 0.00000, 0.00000, 0.00000, 0.00000,-0.00002, 0.00000, 0.00000, 0.00000, 0.00002, 0.00000, 0.00000, 0.00000, 0.00000, 0.00000, 0.00001
   1,288, 0.00000, 0.00002, 0.00000, 0.00000, 0.00000, 0.00000,-0.00002, 0.00000, 0.00000, 0.00000, 0.00002, 0.00000, 0.00000, 0.00000, 0.00000, 0.00000, 0.00001
   1,289, 0.00000, 0.00002, 0.00000, 0.00000, 0.00000, 0.00000,-0.00002, 0.00000, 0.00000, 0.00000, 0.00002, 0.00000, 0.00000, 0.00000, 0.00000, 0.00000, 0.00001
   1,290, 0.00000, 0.00002, 0.00000, 0.00000, 0.00000, 0.00000,-0.00002, 0.00000, 0.00000, 0.00000, 0.00001, 0.00000, 0.00000, 0.00000, 0.00000, 0.00000, 0.00001
   1,291, 0.00000, 0.00002, 0.00000, 0.00000, 0.00000, 0.00000,-0.00002, 0.00000, 0.00000, 0.00000, 0.00002, 0.00000, 0.00000, 0.00000, 0.00000, 0.00000, 0.00001
   1,292, 0.00000, 0.00002, 0.00000, 0.00000, 0.00000, 0.00000,-0.00002, 0.00000, 0.00000, 0.00000, 0.00002, 0.00000, 0.00000, 0.00000, 0.00000, 0.00000, 0.00001
   1,293, 0.00000, 0.00002, 0.00000, 0.00000, 0.00000, 0.00000,-0.00002, 0.00000, 0.00000, 0.00000, 0.00002, 0.00000, 0.00000, 0.00000, 0.00000, 0.00000, 0.00001
   1,294, 0.00000, 0.00002, 0.00000, 0.00000, 0.00000, 0.00000,-0.00002, 0.00000, 0.00000, 0.00000, 0.00002, 0.00000, 0.00000, 0.00000, 0.00000, 0.00000, 0.00001
   1,295, 0.00000, 0.00002, 0.00000, 0.00000, 0.00000, 0.00000,-0.00002, 0.00000, 0.00000, 0.00000, 0.00002, 0.00000, 0.00000, 0.00000, 0.00000, 0.00000, 0.00001
   1,296, 0.00000, 0.00002, 0.00000, 0.00000, 0.00000, 0.00000,-0.00002, 0.00000, 0.00000, 0.00000, 0.00002, 0.00000, 0.00000, 0.00000, 0.00000, 0.00000, 0.00001
   1,297, 0.00000, 0.00002, 0.00000, 0.00000, 0.00000, 0.00000,-0.00002, 0.00000, 0.00000, 0.00000, 0.00002, 0.00000, 0.00000, 0.00000, 0.00000, 0.00000, 0.00001
   1,298, 0.00000, 0.00002, 0.00000, 0.00000, 0.00000, 0.00000,-0.00002, 0.00000, 0.00000, 0.00000, 0.00002, 0.00000, 0.00000, 0.00000, 0.00000, 0.00000, 0.00001
   1,299, 0.00000, 0.00002, 0.00000, 0.00000, 0.00000, 0.00000,-0.00002, 0.00000, 0.00000, 0.00000, 0.00002, 0.00000, 0.00000, 0.00000, 0.00000, 0.00000, 0.00001
   1,300, 0.00000, 0.00002, 0.00000, 0.00000, 0.00000, 0.00000,-0.00002, 0.00000, 0.00000, 0.00000, 0.00002, 0.00000, 0.00000, 0.00000, 0.00000, 0.00000, 0.00001
   1,301, 0.00000, 0.00002, 0.00000, 0.00000, 0.00000, 0.00000,-0.00002, 0.00000, 0.00000, 0.00000, 0.00002, 0.00000, 0.00000, 0.00000, 0.00000, 0.00000, 0.00001
   1,302, 0.00000, 0.00002, 0.00000, 0.00000, 0.00000, 0.00000,-0.00002, 0.00000, 0.00000, 0.00000, 0.00002, 0.00000, 0.00000, 0.00000, 0.00000, 0.00000, 0.00001
   1,303, 0.00000, 0.00002, 0.00000, 0.00000, 0.00000, 0.00000,-0.00002, 0.00000, 0.00000, 0.00000, 0.00002, 0.00000, 0.00000, 0.00000, 0.00000, 0.00000, 0.00001
   1,304, 0.00000, 0.00002, 0.00000, 0.00000, 0.00000, 0.00000,-0.00002, 0.00000, 0.00000, 0.00000, 0.00002, 0.00000, 0.00000, 0.00000, 0.00000, 0.00000, 0.00001
   1,305, 0.00000, 0.00002, 0.00000, 0.00000, 0.00000, 0.00000,-0.00002, 0.00000, 0.00000, 0.00000, 0.00002, 0.00000, 0.00000, 0.00000, 0.00000, 0.00000, 0.00001
   1,306, 0.00000, 0.00002, 0.00000, 0.00000, 0.00000, 0.00000,-0.00002, 0.00000, 0.00000, 0.00000, 0.00002, 0.00000, 0.00000, 0.00000, 0.00000, 0.00000, 0.00001
   1,307, 0.00000, 0.00002, 0.00000, 0.00000, 0.00000, 0.00000,-0.00002, 0.00000, 0.00000, 0.00000, 0.00002, 0.00000, 0.00000, 0.00000, 0.00000, 0.00000, 0.00001
   1,308, 0.00000, 0.00002, 0.00000, 0.00000, 0.00000, 0.00000,-0.00002, 0.00000, 0.00000, 0.00000, 0.00002, 0.00000, 0.00000, 0.00000, 0.00000, 0.00000, 0.00001
   1,309, 0.00000, 0.00002, 0.00000, 0.00000, 0.00000, 0.00000,-0.00002, 0.00000, 0.00000, 0.00000, 0.00002, 0.00000, 0.00000, 0.00000, 0.00000, 0.00000, 0.00001
   1,310, 0.00000, 0.00002, 0.00000, 0.00000, 0.00000, 0.00000,-0.00002, 0.00000, 0.00000, 0.00000, 0.00002, 0.00000, 0.00000, 0.00000, 0.00000, 0.00000, 0.00001
   1,311, 0.00000, 0.00002, 0.00000, 0.00000, 0.00000, 0.00000,-0.00002, 0.00000, 0.00000, 0.00000, 0.00002, 0.00000, 0.00000, 0.00000, 0.00000, 0.00000, 0.00001
   1,312, 0.00000, 0.00002, 0.00000, 0.00000, 0.00000, 0.00000,-0.00002, 0.00000, 0.00000, 0.00000, 0.00002, 0.00000, 0.00000, 0.00000, 0.00000, 0.00000, 0.00001
   1,313, 0.00000, 0.00002, 0.00000, 0.00000, 0.00000, 0.00000,-0.00002, 0.00000, 0.00000, 0.00000, 0.00002, 0.00000, 0.00000, 0.00000, 0.00000, 0.00000, 0.00001
   1,314, 0.00000, 0.00002, 0.00000, 0.00000, 0.00000, 0.00000,-0.00002, 0.00000, 0.00000, 0.00000, 0.00002, 0.00000, 0.00000, 0.00000, 0.00000, 0.00000, 0.00001
   1,315, 0.00000, 0.00002, 0.00000, 0.00000, 0.00000, 0.00000,-0.00002, 0.00000, 0.00000, 0.00000, 0.00002, 0.00000, 0.00000, 0.00000, 0.00000, 0.00000, 0.00001
   1,316, 0.00000, 0.00002, 0.00000, 0.00000, 0.00000, 0.00000,-0.00002, 0.00000, 0.00000, 0.00000, 0.00002, 0.00000, 0.00000, 0.00000, 0.00000, 0.00000, 0.00001
   1,317, 0.00000, 0.00002, 0.00000, 0.00000, 0.00000, 0.00000,-0.00002, 0.00000, 0.00000, 0.00000, 0.00002, 0.00000, 0.00000, 0.00000, 0.00000, 0.00000, 0.00001
   1,318, 0.00000, 0.00002, 0.00000, 0.00000, 0.00000, 0.00000,-0.00002, 0.00000, 0.00000, 0.00000, 0.00002, 0.00000, 0.00000, 0.00000, 0.00000, 0.00000, 0.00001
   1,319, 0.00000, 0.00002, 0.00000, 0.00000, 0.00000, 0.00000,-0.00002, 0.00000, 0.00000, 0.00000, 0.00002, 0.00000, 0.00000, 0.00000, 0.00000, 0.00000, 0.00001
   1,320, 0.00000, 0.00002, 0.00000, 0.00000, 0.00000, 0.00000,-0.00002, 0.00000, 0.00000, 0.00000, 0.00002, 0.00000, 0.00000, 0.00000, 0.00000, 0.00000, 0.00001
   1,321, 0.00000, 0.00002, 0.00000, 0.00000, 0.00000, 0.00000,-0.00002, 0.00000, 0.00000, 0.00000, 0.00002, 0.00000, 0.00000, 0.00000, 0.00000, 0.00000, 0.00001
   1,322, 0.00000, 0.00002, 0.00000, 0.00000, 0.00000, 0.00000,-0.00002, 0.00000, 0.00000, 0.00000, 0.00002, 0.00000, 0.00000, 0.00000, 0.00000, 0.00000, 0.00001
   1,323, 0.00000, 0.00002, 0.00000, 0.00000, 0.00000, 0.00000,-0.00002, 0.00000, 0.00000, 0.00000, 0.00002, 0.00000, 0.00000, 0.00000, 0.00000, 0.00000, 0.00001
   1,324, 0.00000, 0.00002, 0.00000, 0.00000, 0.00000, 0.00000,-0.00002, 0.00000, 0.00000, 0.00000, 0.00002, 0.00000, 0.00000, 0.00000, 0.00000, 0.00000, 0.00001
   1,325, 0.00000, 0.00002, 0.00000, 0.00000, 0.00000, 0.00000,-0.00002, 0.00000, 0.00000, 0.00000, 0.00002, 0.00000, 0.00000, 0.00000, 0.00000, 0.00000, 0.00001
   1,326, 0.00000, 0.00002, 0.00000, 0.00000, 0.00000, 0.00000,-0.00002, 0.00000, 0.00000, 0.00000, 0.00002, 0.00000, 0.00000, 0.00000, 0.00000, 0.00000, 0.00001
   1,327, 0.00000, 0.00002, 0.00000, 0.00000, 0.00000, 0.00000,-0.00002, 0.00000, 0.00000, 0.00000, 0.00002, 0.00000, 0.00000, 0.00000, 0.00000, 0.00000, 0.00001
   1,328, 0.00000, 0.00002, 0.00000, 0.00000, 0.00000, 0.00000,-0.00002, 0.00000, 0.00000, 0.00000, 0.00002, 0.00000, 0.00000, 0.00000, 0.00000, 0.00000, 0.00001
   1,329, 0.00000, 0.00002, 0.00000, 0.00000, 0.00000, 0.00000,-0.00002, 0.00000, 0.00000, 0.00000, 0.00002, 0.00000, 0.00000, 0.00000, 0.00000, 0.00000, 0.00001
   1,330, 0.00000, 0.00002, 0.00000, 0.00000, 0.00000, 0.00000,-0.00002, 0.00000, 0.00000, 0.00000, 0.00002, 0.00000, 0.00000, 0.00000, 0.00000, 0.00000, 0.00001
   1,331, 0.00000, 0.00003, 0.00000, 0.00000, 0.00000, 0.00000,-0.00002, 0.00000, 0.00000, 0.00000, 0.00003, 0.00000, 0.00000, 0.00000, 0.00000, 0.00000, 0.00001
   1,332, 0.00000, 0.00003, 0.00000, 0.00000, 0.00000, 0.00000,-0.00003, 0.00000, 0.00000, 0.00000, 0.00002, 0.00000, 0.00000, 0.00000, 0.00000, 0.00000, 0.00001
   1,333, 0.00000, 0.00002, 0.00000, 0.00000, 0.00000, 0.00000,-0.00003, 0.00000, 0.00000, 0.00000, 0.00002, 0.00000, 0.00000, 0.00000, 0.00000, 0.00000, 0.00001
   1,334, 0.00000, 0.00002, 0.00000, 0.00000, 0.00000, 0.00000,-0.00003, 0.00000, 0.00000, 0.00000, 0.00002, 0.00000, 0.00000, 0.00000, 0.00000, 0.00000, 0.00001
   1,335, 0.00000, 0.00003, 0.00000, 0.00000, 0.00000, 0.00000,-0.00003, 0.00000, 0.00000, 0.00000, 0.00002, 0.00000, 0.00000, 0.00000, 0.00000, 0.00000, 0.00001
   1,336, 0.00000, 0.00002, 0.00000, 0.00000, 0.00000, 0.00000,-0.00003, 0.00000, 0.00000, 0.00000, 0.00002, 0.00000, 0.00000, 0.00000, 0.00000, 0.00000, 0.00001
   1,337, 0.00000, 0.00002, 0.00000, 0.00000, 0.00000, 0.00000,-0.00003, 0.00000, 0.00000, 0.00000, 0.00002, 0.00000, 0.00000, 0.00000, 0.00000, 0.00000, 0.00001
   1,338, 0.00000, 0.00002, 0.00000, 0.00000, 0.00000, 0.00000,-0.00002, 0.00000, 0.00000, 0.00000, 0.00002, 0.00000, 0.00000, 0.00000, 0.00000, 0.00000, 0.00001
   1,339, 0.00000, 0.00003, 0.00000, 0.00000, 0.00000, 0.00000,-0.00003, 0.00000, 0.00000, 0.00000, 0.00003, 0.00000, 0.00000, 0.00000, 0.00000, 0.00000, 0.00001
   1,340, 0.00000, 0.00003, 0.00000, 0.00000, 0.00000, 0.00000,-0.00003, 0.00000, 0.00000, 0.00000, 0.00002, 0.00000, 0.00000, 0.00000, 0.00000, 0.00000, 0.00001
   1,341, 0.00000, 0.00003, 0.00000, 0.00000, 0.00000, 0.00000,-0.00003, 0.00000, 0.00000, 0.00000, 0.00003, 0.00000, 0.00000, 0.00000, 0.00000, 0.00000, 0.00001
   1,342, 0.00000, 0.00002, 0.00000, 0.00000, 0.00000, 0.00000,-0.00003, 0.00000, 0.00000, 0.00000, 0.00002, 0.00000, 0.00000, 0.00000, 0.00000, 0.00000, 0.00001
   1,343, 0.00000, 0.00003, 0.00000, 0.00000, 0.00000, 0.00000,-0.00003, 0.00000, 0.00000, 0.00000, 0.00002, 0.00000, 0.00000, 0.00000, 0.00000, 0.00000, 0.00001
   1,344, 0.00000, 0.00003, 0.00000, 0.00000, 0.00000, 0.00000,-0.00003, 0.00000, 0.00000, 0.00000, 0.00003, 0.00000, 0.00000, 0.00000, 0.00000, 0.00000, 0.00001
   1,345, 0.00000, 0.00003, 0.00000, 0.00000, 0.00000, 0.00000,-0.00003, 0.00000, 0.00000, 0.00000, 0.00003, 0.00000, 0.00000, 0.00000, 0.00000, 0.00000, 0.00001
   1,346, 0.00000, 0.00003, 0.00000, 0.00000, 0.00000, 0.00000,-0.00003, 0.00000, 0.00000, 0.00000, 0.00002, 0.00000, 0.00000, 0.00000, 0.00000, 0.00000, 0.00001
   1,347, 0.00000, 0.00003, 0.00000, 0.00000, 0.00000, 0.00000,-0.00003, 0.00000, 0.00000, 0.00000, 0.00003, 0.00000, 0.00000, 0.00000, 0.00000, 0.00000, 0.00001
   1,348, 0.00000, 0.00003, 0.00000, 0.00000, 0.00000, 0.00000,-0.00003, 0.00000, 0.00000, 0.00000, 0.00003, 0.00000, 0.00000, 0.00000, 0.00000, 0.00000, 0.00001
   1,349, 0.00000, 0.00003, 0.00000, 0.00000, 0.00000, 0.00000,-0.00003, 0.00000, 0.00000, 0.00000, 0.00003, 0.00000, 0.00000, 0.00000, 0.00000, 0.00000, 0.00001
   1,350, 0.00000, 0.00003, 0.00000, 0.00000, 0.00000, 0.00000,-0.00003, 0.00000, 0.00000, 0.00000, 0.00003, 0.00000, 0.00000, 0.00000, 0.00000, 0.00000, 0.00001
   1,351, 0.00000, 0.00003, 0.00000, 0.00000, 0.00000, 0.00000,-0.00003, 0.00000, 0.00000, 0.00000, 0.00003, 0.00000, 0.00000, 0.00000, 0.00000, 0.00000, 0.00001
   1,352, 0.00000, 0.00003, 0.00000, 0.00000, 0.00000, 0.00000,-0.00003, 0.00000, 0.00000, 0.00000, 0.00003, 0.00000, 0.00000, 0.00000, 0.00000, 0.00000, 0.00001
   1,353, 0.00000, 0.00003, 0.00000, 0.00000, 0.00000, 0.00000,-0.00003, 0.00000, 0.00000, 0.00000, 0.00002, 0.00000, 0.00000, 0.00000, 0.00000, 0.00000, 0.00001
   1,354, 0.00000, 0.00002, 0.00000, 0.00000, 0.00000, 0.00000,-0.00003, 0.00000, 0.00000, 0.00000, 0.00002, 0.00000, 0.00000, 0.00000, 0.00000, 0.00000, 0.00001
   1,355, 0.00000, 0.00002, 0.00000, 0.00000, 0.00000, 0.00000,-0.00003, 0.00000, 0.00000, 0.00000, 0.00002, 0.00000, 0.00000, 0.00000, 0.00000, 0.00000, 0.00001
   1,356, 0.00000, 0.00002, 0.00000, 0.00000, 0.00000, 0.00000,-0.00003, 0.00000, 0.00000, 0.00000, 0.00002, 0.00000, 0.00000, 0.00000, 0.00000, 0.00000, 0.00001
   1,357, 0.00000, 0.00002, 0.00000, 0.00000, 0.00000, 0.00000,-0.00003, 0.00000, 0.00000, 0.00000, 0.00002, 0.00000, 0.00000, 0.00000, 0.00000, 0.00000, 0.00001
   1,358, 0.00000, 0.00002, 0.00000, 0.00000, 0.00000, 0.00000,-0.00003, 0.00000, 0.00000, 0.00000, 0.00002, 0.00000, 0.00000, 0.00000, 0.00000, 0.00000, 0.00001
   1,359, 0.00000, 0.00003, 0.00000, 0.00000, 0.00000, 0.00000,-0.00003, 0.00000, 0.00000, 0.00000, 0.00002, 0.00000, 0.00000, 0.00000, 0.00000, 0.00000, 0.00001
   1,360, 0.00000, 0.00002, 0.00000, 0.00000, 0.00000, 0.00000,-0.00003, 0.00000, 0.00000, 0.00000, 0.00002, 0.00000, 0.00000, 0.00000, 0.00000, 0.00000, 0.00001
   1,361, 0.00000, 0.00002, 0.00000, 0.00000, 0.00000, 0.00000,-0.00003, 0.00000, 0.00000, 0.00000, 0.00002, 0.00000, 0.00000, 0.00000, 0.00000, 0.00000, 0.00001
   1,362, 0.00000, 0.00003, 0.00000, 0.00000, 0.00000, 0.00000,-0.00003, 0.00000, 0.00000, 0.00000, 0.00003, 0.00000, 0.00000, 0.00000, 0.00000, 0.00000, 0.00001
   1,363, 0.00000, 0.00003, 0.00000, 0.00000, 0.00000, 0.00000,-0.00003, 0.00000, 0.00000, 0.00000, 0.00003, 0.00000, 0.00000, 0.00000, 0.00000, 0.00000, 0.00001
   1,364, 0.00000, 0.00002, 0.00000, 0.00000, 0.00000, 0.00000,-0.00003, 0.00000, 0.00000, 0.00000, 0.00002, 0.00000, 0.00000, 0.00000, 0.00000, 0.00000, 0.00001
   1,365, 0.00000, 0.00002, 0.00000, 0.00000, 0.00000, 0.00000,-0.00003, 0.00000, 0.00000, 0.00000, 0.00002, 0.00000, 0.00000, 0.00000, 0.00000, 0.22938, 0.00001
   2,  1, 0.00000, 0.00002, 0.00000, 0.00002, 0.00000, 0.00000,-0.00003, 0.00000, 0.00000, 0.00000, 0.00000, 0.00002, 0.00000, 0.00000, 0.00000, 0.00001, 0.00000
   2,  2, 0.00000, 0.00002, 0.00000, 0.00002, 0.00000, 0.00000,-0.00002, 0.00000, 0.00000, 0.00000, 0.00000, 0.00002, 0.00000, 0.00000, 0.00000, 0.00000, 0.00000
   2,  3, 0.00000, 0.00002, 0.00000, 0.00002, 0.00000, 0.00000,-0.00002, 0.00000, 0.00000, 0.00000, 0.00000, 0.00002, 0.00000, 0.00000, 0.00000, 0.00000, 0.00000
   2,  4, 0.00000, 0.00002, 0.00000, 0.00002, 0.00000, 0.00000,-0.00002, 0.00000, 0.00000, 0.00000, 0.00000, 0.00002, 0.00000, 0.00000, 0.00000, 0.00000, 0.00000
   2,  5, 0.00000, 0.00002, 0.00000, 0.00002, 0.00000, 0.00000,-0.00002, 0.00000, 0.00000, 0.00000, 0.00000, 0.00002, 0.00000, 0.00000, 0.00000, 0.00000, 0.00000
   2,  6, 0.00000, 0.00002, 0.00000, 0.00002, 0.00000, 0.00000,-0.00002, 0.00000, 0.00000, 0.00000, 0.00000, 0.00002, 0.00000, 0.00000, 0.00000, 0.00000, 0.00000
   2,  7, 0.00000, 0.00002, 0.00000, 0.00002, 0.00000, 0.00000,-0.00002, 0.00000, 0.00000, 0.00000, 0.00000, 0.00002, 0.00000, 0.00000, 0.00000, 0.00000, 0.00000
   2,  8, 0.00000, 0.00002, 0.00000, 0.00002, 0.00000, 0.00000,-0.00002, 0.00000, 0.00000, 0.00000, 0.00000, 0.00002, 0.00000, 0.00000, 0.00000, 0.00000, 0.00000
   2,  9, 0.00000, 0.00002, 0.00000, 0.00002, 0.00000, 0.00000,-0.00002, 0.00000, 0.00000, 0.00000, 0.00000, 0.00002, 0.00000, 0.00000, 0.00000, 0.00000, 0.00000
   2, 10, 0.00000, 0.00002, 0.00000, 0.00002, 0.00000, 0.00000,-0.00002, 0.00000, 0.00000, 0.00000, 0.00000, 0.00002, 0.00000, 0.00000, 0.00000, 0.00000, 0.00000
   2, 11, 0.00000, 0.00002, 0.00000, 0.00002, 0.00000, 0.00000,-0.00002, 0.00000, 0.00000, 0.00000, 0.00000, 0.00002, 0.00000, 0.00000, 0.00000, 0.00000, 0.00000
   2, 12, 0.00000, 0.00002, 0.00000, 0.00002, 0.00000, 0.00000,-0.00002, 0.00000, 0.00000, 0.00000, 0.00000, 0.00002, 0.00000, 0.00000, 0.00000, 0.00000, 0.00000
   2, 13, 0.00000, 0.00002, 0.00000, 0.00002, 0.00000, 0.00000,-0.00002, 0.00000, 0.00000, 0.00000, 0.00000, 0.00002, 0.00000, 0.00000, 0.00000, 0.00000, 0.00000
   2, 14, 0.00000, 0.00002, 0.00000, 0.00002, 0.00000, 0.00000,-0.00002, 0.00000, 0.00000, 0.00000, 0.00000, 0.00002, 0.00000, 0.00000, 0.00000, 0.00000, 0.00000
   2, 15, 0.00000, 0.00002, 0.00000, 0.00002, 0.00000, 0.00000,-0.00002, 0.00000, 0.00000, 0.00000, 0.00000, 0.00002, 0.00000, 0.00000, 0.00000, 0.00000, 0.00000
   2, 16, 0.00000, 0.00002, 0.00000, 0.00002, 0.00000, 0.00000,-0.00002, 0.00000, 0.00000, 0.00000, 0.00000, 0.00002, 0.00000, 0.00000, 0.00000, 0.00000, 0.00000
   2, 17, 0.00000, 0.00002, 0.00000, 0.00002, 0.00000, 0.00000,-0.00002, 0.00000, 0.00000, 0.00000, 0.00000, 0.00002, 0.00000, 0.00000, 0.00000, 0.00000, 0.00000
   2, 18, 0.00000, 0.00002, 0.00000, 0.00002, 0.00000, 0.00000,-0.00002, 0.00000, 0.00000, 0.00000, 0.00000, 0.00002, 0.00000, 0.00000, 0.00000, 0.00000, 0.00000
   2, 19, 0.00000, 0.00002, 0.00000, 0.00002, 0.00000, 0.00000,-0.00002, 0.00000, 0.00000, 0.00000, 0.00000, 0.00002, 0.00000, 0.00000, 0.00000, 0.00000, 0.00000
   2, 20, 0.00000, 0.00002, 0.00000, 0.00002, 0.00000, 0.00000,-0.00002, 0.00000, 0.00000, 0.00000, 0.00000, 0.00002, 0.00000, 0.00000, 0.00000, 0.00000, 0.00000
   2, 21, 0.00000, 0.00002, 0.00000, 0.00002, 0.00000, 0.00000,-0.00002, 0.00000, 0.00000, 0.00000, 0.00000, 0.00002, 0.00000, 0.00000, 0.00000, 0.00000, 0.00000
   2, 22, 0.00000, 0.00002, 0.00000, 0.00002, 0.00000, 0.00000,-0.00002, 0.00000, 0.00000, 0.00000, 0.00000, 0.00002, 0.00000, 0.00000, 0.00000, 0.00000, 0.00000
   2, 23, 0.00000, 0.00002, 0.00000, 0.00002, 0.00000, 0.00000,-0.00002, 0.00000, 0.00000, 0.00000, 0.00000, 0.00002, 0.00000, 0.00000, 0.00000, 0.00000, 0.00000
   2, 24, 0.00000, 0.00001, 0.00000, 0.00002, 0.00000, 0.00000,-0.00002, 0.00000, 0.00000, 0.00000, 0.00000, 0.00001, 0.00000, 0.00000, 0.00000, 0.00000, 0.00000
   2, 25, 0.00000, 0.00001, 0.00000, 0.00002, 0.00000, 0.00000,-0.00001, 0.00000, 0.00000, 0.00000, 0.00000, 0.00001, 0.00000, 0.00000, 0.00000, 0.00000, 0.00000
   2, 26, 0.00000, 0.00002, 0.00000, 0.00002, 0.00000, 0.00000,-0.00001, 0.00000, 0.00000, 0.00000, 0.00000, 0.00002, 0.00000, 0.00000, 0.00000, 0.00000, 0.00000
   2, 27, 0.00000, 0.00002, 0.00000, 0.00002, 0.00000, 0.00000,-0.00002, 0.00000, 0.00000, 0.00000, 0.00000, 0.00002, 0.00000, 0.00000, 0.00000, 0.00000, 0.00000
   2, 28, 0.00000, 0.00002, 0.00000, 0.00002, 0.00000, 0.00000,-0.00002, 0.00000, 0.00000, 0.00000, 0.00000, 0.00002, 0.00000, 0.00000, 0.00000, 0.00000, 0.00000
   2, 29, 0.00000, 0.00002, 0.00000, 0.00002, 0.00000, 0.00000,-0.00002, 0.00000, 0.00000, 0.00000, 0.00000, 0.00002, 0.00000, 0.00000, 0.00000, 0.00000, 0.00000
   2, 30, 0.00000, 0.00002, 0.00000, 0.00002, 0.00000, 0.00000,-0.00002, 0.00000, 0.00000, 0.00000, 0.00000, 0.00002, 0.00000, 0.00000, 0.00000, 0.00000, 0.00000
   2, 31, 0.00000, 0.00002, 0.00000, 0.00002, 0.00000, 0.00000,-0.00002, 0.00000, 0.00000, 0.00000, 0.00000, 0.00002, 0.00000, 0.00000, 0.00000, 0.00000, 0.00000
   2, 32, 0.00000, 0.00001, 0.00000, 0.00002, 0.00000, 0.00000,-0.00002, 0.00000, 0.00000, 0.00000, 0.00000, 0.00001, 0.00000, 0.00000, 0.00000, 0.00000, 0.00000
   2, 33, 0.00000, 0.00001, 0.00000, 0.00002, 0.00000, 0.00000,-0.00001, 0.00000, 0.00000, 0.00000, 0.00000, 0.00001, 0.00000, 0.00000, 0.00000, 0.00000, 0.00000
   2, 34, 0.00000, 0.00002, 0.00000, 0.00002, 0.00000, 0.00000,-0.00001, 0.00000, 0.00000, 0.00000, 0.00000, 0.00002, 0.00000, 0.00000, 0.00000, 0.00000, 0.00000
   2, 35, 0.00000, 0.00002, 0.00000, 0.00002, 0.00000, 0.00000,-0.00002, 0.00000, 0.00000, 0.00000, 0.00000, 0.00002, 0.00000, 0.00000, 0.00000, 0.00000, 0.00000
   2, 36, 0.00000, 0.00002, 0.00000, 0.00002, 0.00000, 0.00000,-0.00002, 0.00000, 0.00000, 0.00000, 0.00000, 0.00002, 0.00000, 0.00000, 0.00000, 0.00000, 0.00000
   2, 37, 0.00000, 0.00001, 0.00000, 0.00002, 0.00000, 0.00000,-0.00002, 0.00000, 0.00000, 0.00000, 0.00000, 0.00001, 0.00000, 0.00000, 0.00000, 0.00000, 0.00000
   2, 38, 0.00000, 0.00001, 0.00000, 0.00002, 0.00000, 0.00000,-0.00001, 0.00000, 0.00000, 0.00000, 0.00000, 0.00001, 0.00000, 0.00000, 0.00000, 0.00000, 0.00000
   2, 39, 0.00000, 0.00001, 0.00000, 0.00002, 0.00000, 0.00000,-0.00001, 0.00000, 0.00000, 0.00000, 0.00000, 0.00001, 0.00000, 0.00000, 0.00000, 0.00000, 0.00000
   2, 40, 0.00000, 0.00001, 0.00000, 0.00002, 0.00000, 0.00000,-0.00001, 0.00000, 0.00000, 0.00000, 0.00000, 0.00001, 0.00000, 0.00000, 0.00000, 0.00000, 0.00000
   2, 41, 0.00000, 0.00001, 0.00000, 0.00002, 0.00000, 0.00000,-0.00001, 0.00000, 0.00000, 0.00000, 0.00000, 0.00001, 0.00000, 0.00000, 0.00000, 0.00000, 0.00000
   2, 42, 0.00000, 0.00002, 0.00000, 0.00002, 0.00000, 0.00000,-0.00001, 0.00000, 0.00000, 0.00000, 0.00000, 0.00002, 0.00000, 0.00000, 0.00000, 0.00000, 0.00000
   2, 43, 0.00000, 0.00001, 0.00000, 0.00002, 0.00000, 0.00000,-0.00002, 0.00000, 0.00000, 0.00000, 0.00000, 0.00001, 0.00000, 0.00000, 0.00000, 0.00000, 0.00000
   2, 44, 0.00000, 0.00001, 0.00000, 0.00002, 0.00000, 0.00000,-0.00001, 0.00000, 0.00000, 0.00000, 0.00000, 0.00001, 0.00000, 0.00000, 0.00000, 0.00000, 0.00000
   2, 45, 0.00000, 0.00001, 0.00000, 0.00002, 0.00000, 0.00000,-0.00001, 0.00000, 0.00000, 0.00000, 0.00000, 0.00001, 0.00000, 0.00000, 0.00000, 0.00000, 0.00000
   2, 46, 0.00000, 0.00001, 0.00000, 0.00002, 0.00000, 0.00000,-0.00001, 0.00000, 0.00000, 0.00000, 0.00000, 0.00001, 0.00000, 0.00000, 0.00000, 0.00000, 0.00000
   2, 47, 0.00000, 0.00001, 0.00000, 0.00002, 0.00000, 0.00000,-0.00001, 0.00000, 0.00000, 0.00000, 0.00000, 0.00001, 0.00000, 0.00000, 0.00000, 0.00000, 0.00000
   2, 48, 0.00000, 0.00001, 0.00000, 0.00002, 0.00000, 0.00000,-0.00001, 0.00000, 0.00000, 0.00000, 0.00000, 0.00001, 0.00000, 0.00000, 0.00000, 0.00000, 0.00000
   2, 49, 0.00000, 0.00001, 0.00000, 0.00002, 0.00000, 0.00000,-0.00001, 0.00000, 0.00000, 0.00000, 0.00000, 0.00001, 0.00000, 0.00000, 0.00000, 0.00000, 0.00000
   2, 50, 0.00000, 0.00001, 0.00000, 0.00002, 0.00000, 0.00000,-0.00001, 0.00000, 0.00000, 0.00000, 0.00000, 0.00001, 0.00000, 0.00000, 0.00000, 0.00000, 0.00000
   2, 51, 0.00000, 0.00001, 0.00000, 0.00002, 0.00000, 0.00000,-0.00001, 0.00000, 0.00000, 0.00000, 0.00000, 0.00001, 0.00000, 0.00000, 0.00000, 0.00000, 0.00000
   2, 52, 0.00000, 0.00001, 0.00000, 0.00002, 0.00000, 0.00000,-0.00001, 0.00000, 0.00000, 0.00000, 0.00000, 0.00001, 0.00000, 0.00000, 0.00000, 0.00000, 0.00000
   2, 53, 0.00000, 0.00001, 0.00000, 0.00002, 0.00000, 0.00000,-0.00001, 0.00000, 0.00000, 0.00000, 0.00000, 0.00001, 0.00000, 0.00000, 0.00000, 0.00000, 0.00000
   2, 54, 0.00000, 0.00001, 0.00000, 0.00002, 0.00000, 0.00000,-0.00001, 0.00000, 0.00000, 0.00000, 0.00000, 0.00001, 0.00000, 0.00000, 0.00000, 0.00000, 0.00000
   2, 55, 0.00000, 0.00001, 0.00000, 0.00002, 0.00000, 0.00000,-0.00001, 0.00000, 0.00000, 0.00000, 0.00000, 0.00001, 0.00000, 0.00000, 0.00000, 0.00000, 0.00000
   2, 56, 0.00000, 0.00001, 0.00000, 0.00002, 0.00000, 0.00000,-0.00001, 0.00000, 0.00000, 0.00000, 0.00000, 0.00001, 0.00000, 0.00000, 0.00000, 0.00000, 0.00000
   2, 57, 0.00000, 0.00001, 0.00000, 0.00002, 0.00000, 0.00000,-0.00001, 0.00000, 0.00000, 0.00000, 0.00000, 0.00001, 0.00000, 0.00000, 0.00000, 0.00000, 0.00000
   2, 58, 0.00000, 0.00001, 0.00000, 0.00002, 0.00000, 0.00000,-0.00001, 0.00000, 0.00000, 0.00000, 0.00000, 0.00001, 0.00000, 0.00000, 0.00000, 0.00000, 0.00000
   2, 59, 0.00000, 0.00001, 0.00000, 0.00002, 0.00000, 0.00000,-0.00001, 0.00000, 0.00000, 0.00000, 0.00000, 0.00001, 0.00000, 0.00000, 0.00000, 0.00000, 0.00000
   2, 60, 0.00000, 0.00001, 0.00000, 0.00002, 0.00000, 0.00000,-0.00001, 0.00000, 0.00000, 0.00000, 0.00000, 0.00001, 0.00000, 0.00000, 0.00000, 0.00000, 0.00000
   2, 61, 0.00000, 0.00001, 0.00000, 0.00002, 0.00000, 0.00000,-0.00001, 0.00000, 0.00000, 0.00000, 0.00000, 0.00001, 0.00000, 0.00000, 0.00000, 0.00000, 0.00000
   2, 62, 0.00000, 0.00001, 0.00000, 0.00002, 0.00000, 0.00000,-0.00001, 0.00000, 0.00000, 0.00000, 0.00000, 0.00001, 0.00000, 0.00000, 0.00000, 0.00000, 0.00000
   2, 63, 0.00000, 0.00001, 0.00000, 0.00002, 0.00000, 0.00000,-0.00001, 0.00000, 0.00000, 0.00000, 0.00000, 0.00001, 0.00000, 0.00000, 0.00000, 0.00000, 0.00000
   2, 64, 0.00000, 0.00001, 0.00000, 0.00002, 0.00000, 0.00000,-0.00001, 0.00000, 0.00000, 0.00000, 0.00000, 0.00001, 0.00000, 0.00000, 0.00000, 0.00000, 0.00000
   2, 65, 0.00000, 0.00001, 0.00000, 0.00002, 0.00000, 0.00000,-0.00001, 0.00000, 0.00000, 0.00000, 0.00000, 0.00001, 0.00000, 0.00000, 0.00000, 0.00000, 0.00000
   2, 66, 0.00000, 0.00001, 0.00000, 0.00002, 0.00000, 0.00000,-0.00001, 0.00000, 0.00000, 0.00000, 0.00000, 0.00001, 0.00000, 0.00000, 0.00000, 0.00000, 0.00000
   2, 67, 0.00000, 0.00001, 0.00000, 0.00002, 0.00000, 0.00000,-0.00001, 0.00000, 0.00000, 0.00000, 0.00000, 0.00001, 0.00000, 0.00000, 0.00000, 0.00000, 0.00000
   2, 68, 0.00000, 0.00001, 0.00000, 0.00002, 0.00000, 0.00000,-0.00001, 0.00000, 0.00000, 0.00000, 0.00000, 0.00001, 0.00000, 0.00000, 0.00000, 0.00000, 0.00000
   2, 69, 0.00000, 0.00001, 0.00000, 0.00002, 0.00000, 0.00000,-0.00001, 0.00000, 0.00000, 0.00000, 0.00000, 0.00001, 0.00000, 0.00000, 0.00000, 0.00000, 0.00000
   2, 70, 0.00000, 0.00001, 0.00000, 0.00002, 0.00000, 0.00000,-0.00001, 0.00000, 0.00000, 0.00000, 0.00000, 0.00001, 0.00000, 0.00000, 0.00000, 0.00000, 0.00000
   2, 71, 0.00000, 0.00001, 0.00000, 0.00002, 0.00000, 0.00000,-0.00001, 0.00000, 0.00000, 0.00000, 0.00000, 0.00001, 0.00000, 0.00000, 0.00000, 0.00000, 0.00000
   2, 72, 0.00000, 0.00001, 0.00000, 0.00002, 0.00000, 0.00000,-0.00001, 0.00000, 0.00000, 0.00000, 0.00000, 0.00001, 0.00000, 0.00000, 0.00000, 0.00000, 0.00000
   2, 73, 0.00000, 0.00001, 0.00000, 0.00002, 0.00000, 0.00000,-0.00001, 0.00000, 0.00000, 0.00000, 0.00000, 0.00001, 0.00000, 0.00000, 0.00000, 0.00000, 0.00000
   2, 74, 0.00000, 0.00001, 0.00000, 0.00002, 0.00000, 0.00000,-0.00001, 0.00000, 0.00000, 0.00000, 0.00000, 0.00001, 0.00000, 0.00000, 0.00000, 0.00000, 0.00000
   2, 75, 0.00000, 0.00001, 0.00000, 0.00002, 0.00000, 0.00000,-0.00001, 0.00000, 0.00000, 0.00000, 0.00000, 0.00001, 0.00000, 0.00000, 0.00000, 0.00000, 0.00000
   2, 76, 0.00000, 0.00001, 0.00000, 0.00002, 0.00000, 0.00000,-0.00001, 0.00000, 0.00000, 0.00000, 0.00000, 0.00001, 0.00000, 0.00000, 0.00000, 0.00000, 0.00000
   2, 77, 0.00000, 0.00001, 0.00000, 0.00002, 0.00000, 0.00000,-0.00001, 0.00000, 0.00000, 0.00000, 0.00000, 0.00001, 0.00000, 0.00000, 0.00000, 0.00000, 0.00000
   2, 78, 0.00000, 0.00001, 0.00000, 0.00002, 0.00000, 0.00000,-0.00001, 0.00000, 0.00000, 0.00000, 0.00000, 0.00001, 0.00000, 0.00000, 0.00000, 0.00000, 0.00000
   2, 79, 0.00000, 0.00001, 0.00000, 0.00002, 0.00000, 0.00000,-0.00001, 0.00000, 0.00000, 0.00000, 0.00000, 0.00001, 0.00000, 0.00000, 0.00000, 0.00000, 0.00000
   2, 80, 0.00000, 0.00001, 0.00000, 0.00002, 0.00000, 0.00000,-0.00001, 0.00000, 0.00000, 0.00000, 0.00000, 0.00001, 0.00000, 0.00000, 0.00000, 0.00000, 0.00000
   2, 81, 0.00000, 0.00000, 0.00000, 0.00002, 0.00000, 0.00000,-0.00001, 0.00000, 0.00000, 0.00000, 0.00000, 0.00000, 0.00000, 0.00000, 0.00000, 0.00000, 0.00000
   2, 82, 0.00000, 0.00000, 0.00000, 0.00002, 0.00000, 0.00000, 0.00000, 0.00000, 0.00000, 0.00000, 0.00000, 0.00000, 0.00000, 0.00000, 0.00000, 0.00000, 0.00000
   2, 83, 0.00000, 0.00001, 0.00000, 0.00002, 0.00000, 0.00000, 0.00000, 0.00000, 0.00000, 0.00000, 0.00000, 0.00001, 0.00000, 0.00000, 0.00000, 0.00000, 0.00000
   2, 84, 0.00000, 0.00001, 0.00000, 0.00002, 0.00000, 0.00000,-0.00001, 0.00000, 0.00000, 0.00000, 0.00000, 0.00001, 0.00000, 0.00000, 0.00000, 0.00000, 0.00000
   2, 85, 0.00000, 0.00001, 0.00000, 0.00002, 0.00000, 0.00000,-0.00001, 0.00000, 0.00000, 0.00000, 0.00000, 0.00001, 0.00000, 0.00000, 0.00000, 0.00000, 0.00000
   2, 86, 0.00000, 0.00001, 0.00000, 0.00002, 0.00000, 0.00000,-0.00001, 0.00000, 0.00000, 0.00000, 0.00000, 0.00001, 0.00000, 0.00000, 0.00000, 0.00000, 0.00000
   2, 87, 0.00000, 0.00001, 0.00000, 0.00002, 0.00000, 0.00000,-0.00001, 0.00000, 0.00000, 0.00000, 0.00000, 0.00001, 0.00000, 0.00000, 0.00000, 0.00000, 0.00000
   2, 88, 0.00000, 0.00001, 0.00000, 0.00002, 0.00000, 0.00000,-0.00001, 0.00000, 0.00000, 0.00000, 0.00000, 0.00001, 0.00000, 0.00000, 0.00000, 0.00000, 0.00000
   2, 89, 0.00000, 0.00001, 0.00000, 0.00002, 0.00000, 0.00000,-0.00001, 0.00000, 0.00000, 0.00000, 0.00000, 0.00001, 0.00000, 0.00000, 0.00000, 0.00000, 0.00000
   2, 90, 0.00000, 0.00001, 0.00000, 0.00002, 0.00000, 0.00000,-0.00001, 0.00000, 0.00000, 0.00000, 0.00000, 0.00001, 0.00000, 0.00000, 0.00000, 0.00000, 0.00000
   2, 91, 0.00000, 0.00001, 0.00000, 0.00002, 0.00000, 0.00000,-0.00001, 0.00000, 0.00000, 0.00000, 0.00000, 0.00001, 0.00000, 0.00000, 0.00000, 0.00000, 0.00000
   2, 92, 0.00000, 0.00000, 0.00000, 0.00002, 0.00000, 0.00000,-0.00001, 0.00000, 0.00000, 0.00000, 0.00000, 0.00000, 0.00000, 0.00000, 0.00000, 0.00000, 0.00000
   2, 93, 0.00000, 0.00000, 0.00000, 0.00002, 0.00000, 0.00000, 0.00000, 0.00000, 0.00000, 0.00000, 0.00000, 0.00000, 0.00000, 0.00000, 0.00000, 0.00000, 0.00000
   2, 94, 0.00000, 0.00000, 0.00000, 0.00002, 0.00000, 0.00000, 0.00000, 0.00000, 0.00000, 0.00000, 0.00000, 0.00000, 0.00000, 0.00000, 0.00000, 0.00000, 0.00000
   2, 95, 0.00000, 0.00001, 0.00000, 0.00002, 0.00000, 0.00000, 0.00000, 0.00000, 0.00000, 0.00000, 0.00000, 0.00001, 0.00000, 0.00000, 0.00000, 0.00000, 0.00000
   2, 96, 0.00000, 0.00001, 0.00000, 0.00002, 0.00000, 0.00000,-0.00001, 0.00000, 0.00000, 0.00000, 0.00000, 0.00001, 0.00000, 0.00000, 0.00000, 0.00000, 0.00000
   2, 97, 0.00000, 0.00001, 0.00000, 0.00002, 0.00000, 0.00000,-0.00001, 0.00000, 0.00000, 0.00000, 0.00000, 0.00001, 0.00000, 0.00000, 0.00000, 0.00000, 0.00000
   2, 98, 0.00000, 0.00000, 0.00000, 0.00002, 0.00000, 0.00000,-0.00001, 0.00000, 0.00000, 0.00000, 0.00000, 0.00000, 0.00000, 0.00000, 0.00000, 0.00000, 0.00000
   2, 99, 0.00000, 0.00000, 0.00000, 0.00002, 0.00000, 0.00000, 0.00000, 0.00000, 0.00000, 0.00000, 0.00000, 0.00000, 0.00000, 0.00000, 0.00000, 0.00000, 0.00000
   2,100, 0.00000, 0.00000, 0.00000, 0.00002, 0.00000, 0.00000, 0.00000, 0.00000, 0.00000, 0.00000, 0.00000, 0.00000, 0.00000, 0.00000, 0.00000, 0.00000, 0.00000
   2,101, 0.00000, 0.00000, 0.00000, 0.00002, 0.00000, 0.00000, 0.00000, 0.00000, 0.00000, 0.00000, 0.00000, 0.00000, 0.00000, 0.00000, 0.00000, 0.00000, 0.00000
   2,102, 0.00000, 0.00001, 0.00000, 0.00002, 0.00000, 0.00000, 0.00000, 0.00000, 0.00000, 0.00000, 0.00000, 0.00001, 0.00000, 0.00000, 0.00000, 0.00000, 0.00000
   2,103, 0.00000, 0.00000, 0.00000, 0.00002, 0.00000, 0.00000,-0.00001, 0.00000, 0.00000, 0.00000, 0.00000, 0.00000, 0.00000, 0.00000, 0.00000, 0.00000, 0.00000
   2,104, 0.00000, 0.00000, 0.00000, 0.00002, 0.00000, 0.00000, 0.00000, 0.00000, 0.00000, 0.00000, 0.00000, 0.00000, 0.00000, 0.00000, 0.00000, 0.00000, 0.00000
   2,105, 0.00000, 0.00000, 0.00000, 0.00002, 0.00000, 0.00000, 0.00000, 0.00000, 0.00000, 0.00000, 0.00000, 0.00000, 0.00000, 0.00000, 0.00000, 0.00000, 0.00000
   2,106, 0.00000, 0.00000, 0.00000, 0.00002, 0.00000, 0.00000, 0.00000, 0.00000, 0.00000, 0.00000, 0.00000, 0.00000, 0.00000, 0.00000, 0.00000, 0.00000, 0.00000
   2,107, 0.00000, 0.00000, 0.00000, 0.00002, 0.00000, 0.00000, 0.00000, 0.00000, 0.00000, 0.00000, 0.00000, 0.00000, 0.00000, 0.00000, 0.00000, 0.00000, 0.00000
   2,108, 0.00000, 0.00000, 0.00000, 0.00002, 0.00000, 0.00000, 0.00000, 0.00000, 0.00000, 0.00000, 0.00000, 0.00000, 0.00000, 0.00000, 0.00000, 0.00000, 0.00000
   2,109, 0.00000, 0.00000, 0.00000, 0.00002, 0.00000, 0.00000, 0.00000, 0.00000, 0.00000, 0.00000, 0.00000, 0.00000, 0.00000, 0.00000, 0.00000, 0.00000, 0.00000
   2,110, 0.00000, 0.00000, 0.00000, 0.00002, 0.00000, 0.00000, 0.00000, 0.00000, 0.00000, 0.00000, 0.00000, 0.00000, 0.00000, 0.00000, 0.00000, 0.00000, 0.00000
   2,111, 0.00000, 0.00000, 0.00000, 0.00002, 0.00000, 0.00000, 0.00000, 0.00000, 0.00000, 0.00000, 0.00000, 0.00000, 0.00000, 0.00000, 0.00000, 0.00000, 0.00000
   2,112, 0.00000, 0.00000, 0.00000, 0.00002, 0.00000, 0.00000, 0.00000, 0.00000, 0.00000, 0.00000, 0.00000, 0.00000, 0.00000, 0.00000, 0.00000, 0.00000, 0.00000
   2,113, 0.00000, 0.00000, 0.00000, 0.00002, 0.00000, 0.00000, 0.00000, 0.00000, 0.00000, 0.00000, 0.00000, 0.00000, 0.00000, 0.00000, 0.00000, 0.00000, 0.00000
   2,114, 0.00000, 0.00000, 0.00000, 0.00002, 0.00000, 0.00000, 0.00000, 0.00000, 0.00000, 0.00000, 0.00000, 0.00000, 0.00000, 0.00000, 0.00000, 0.00000, 0.00000
   2,115, 0.00000, 0.00000, 0.00000, 0.00002, 0.00000, 0.00000, 0.00000, 0.00000, 0.00000, 0.00000, 0.00000, 0.00000, 0.00000, 0.00000, 0.00000, 0.00000, 0.00000
   2,116, 0.00000, 0.00000, 0.00000, 0.00002, 0.00000, 0.00000, 0.00000, 0.00000, 0.00000, 0.00000, 0.00000, 0.00000, 0.00000, 0.00000, 0.00000, 0.00000, 0.00000
   2,117, 0.00000, 0.00000, 0.00000, 0.00002, 0.00000, 0.00000, 0.00000, 0.00000, 0.00000, 0.00000, 0.00000, 0.00000, 0.00000, 0.00000, 0.00000, 0.00000, 0.00000
   2,118, 0.00000, 0.00000, 0.00000, 0.00002, 0.00000, 0.00000, 0.00000, 0.00000, 0.00000, 0.00000, 0.00000, 0.00000, 0.00000, 0.00000, 0.00000, 0.00000, 0.00000
   2,119, 0.00000, 0.00000, 0.00000, 0.00002, 0.00000, 0.00000, 0.00000, 0.00000, 0.00000, 0.00000, 0.00000, 0.00000, 0.00000, 0.00000, 0.00000, 0.00000, 0.00000
   2,120, 0.00000, 0.00000, 0.00000, 0.00002, 0.00000, 0.00000, 0.00000, 0.00000, 0.00000, 0.00000, 0.00000, 0.00000, 0.00000, 0.00000, 0.00000, 0.00000, 0.00000
   2,121, 0.00000, 0.00000, 0.00000, 0.00002, 0.00000, 0.00000, 0.00000, 0.00000, 0.00000, 0.00000, 0.00000, 0.00000, 0.00000, 0.00000, 0.00000, 0.00000, 0.00000
   2,122, 0.00000, 0.00000, 0.00000, 0.00002, 0.00000, 0.00000, 0.00000, 0.00000, 0.00000, 0.00000, 0.00000, 0.00000, 0.00000, 0.00000, 0.00000, 0.00000, 0.00000
   2,123, 0.00000, 0.00000, 0.00000, 0.00002, 0.00000, 0.00000, 0.00000, 0.00000, 0.00000, 0.00000, 0.00000, 0.00000, 0.00000, 0.00000, 0.00000, 0.00000, 0.00000
   2,124, 0.00000, 0.00000, 0.00000, 0.00002, 0.00000, 0.00000, 0.00000, 0.00000, 0.00000, 0.00000, 0.00000, 0.00000, 0.00000, 0.00000, 0.00000, 0.00000, 0.00000
   2,125, 0.00000, 0.00000, 0.00000, 0.00002, 0.00000, 0.00000, 0.00000, 0.00000, 0.00000, 0.00000, 0.00000, 0.00000, 0.00000, 0.00000, 0.00000, 0.00000, 0.00000
   2,126, 0.00000, 0.00000, 0.00000, 0.00002, 0.00000, 0.00000, 0.00000, 0.00000, 0.00000, 0.00000, 0.00000, 0.00000, 0.00000, 0.00000, 0.00000, 0.00000, 0.00000
   2,127, 0.00000, 0.00000, 0.00000, 0.00002, 0.00000, 0.00000, 0.00000, 0.00000, 0.00000, 0.00000, 0.00000, 0.00000, 0.00000, 0.00000, 0.00000, 0.00000, 0.00000
   2,128, 0.00000, 0.00000, 0.00000, 0.00002, 0.00000, 0.00000, 0.00000, 0.00000, 0.00000, 0.00000, 0.00000, 0.00000, 0.00000, 0.00000, 0.00000, 0.00000, 0.00000
   2,129, 0.00000, 0.00000, 0.00000, 0.00002, 0.00000, 0.00000, 0.00000, 0.00000, 0.00000, 0.00000, 0.00000, 0.00000, 0.00000, 0.00000, 0.00000, 0.00000, 0.00000
   2,130, 0.00000, 0.00000, 0.00000, 0.00002, 0.00000, 0.00000, 0.00000, 0.00000, 0.00000, 0.00000, 0.00000, 0.00000, 0.00000, 0.00000, 0.00000, 0.00000, 0.00000
   2,131, 0.00000, 0.00000, 0.00000, 0.00002, 0.00000, 0.00000, 0.00000, 0.00000, 0.00000, 0.00000, 0.00000, 0.00000, 0.00000, 0.00000, 0.00000, 0.00000, 0.00000
   2,132, 0.00000, 0.00000, 0.00000, 0.00002, 0.00000, 0.00000, 0.00000, 0.00000, 0.00000, 0.00000, 0.00000, 0.00000, 0.00000, 0.00000, 0.00000, 0.00000, 0.00000
   2,133, 0.00000, 0.00000, 0.00000, 0.00002, 0.00000, 0.00000, 0.00000, 0.00000, 0.00000, 0.00000, 0.00000, 0.00000, 0.00000, 0.00000, 0.00000, 0.00000, 0.00000
   2,134, 0.00000, 0.00000, 0.00000, 0.00002, 0.00000, 0.00000, 0.00000, 0.00000, 0.00000, 0.00000, 0.00000, 0.00000, 0.00000, 0.00000, 0.00000, 0.00000, 0.00000
   2,135, 0.00000, 0.00000, 0.00000, 0.00002, 0.00000, 0.00000, 0.00000, 0.00000, 0.00000, 0.00000, 0.00000, 0.00000, 0.00000, 0.00000, 0.00000, 0.00000, 0.00000
   2,136, 0.00000, 0.00000, 0.00000, 0.00002, 0.00000, 0.00000, 0.00000, 0.00000, 0.00000, 0.00000, 0.00000, 0.00000, 0.00000, 0.00000, 0.00000, 0.00000, 0.00000
   2,137, 0.00000, 0.00000, 0.00000, 0.00002, 0.00000, 0.00000, 0.00000, 0.00000, 0.00000, 0.00000, 0.00000, 0.00000, 0.00000, 0.00000, 0.00000, 0.00000, 0.00000
   2,138, 0.00000, 0.00000, 0.00000, 0.00002, 0.00000, 0.00000, 0.00000, 0.00000, 0.00000, 0.00000, 0.00000, 0.00000, 0.00000, 0.00000, 0.00000, 0.00000, 0.00000
   2,139, 0.00000, 0.00000, 0.00000, 0.00002, 0.00000, 0.00000, 0.00000, 0.00000, 0.00000, 0.00000, 0.00000, 0.00000, 0.00000, 0.00000, 0.00000, 0.00000, 0.00000
   2,140, 0.00000, 0.00000, 0.00000, 0.00002, 0.00000, 0.00000, 0.00000, 0.00000, 0.00000, 0.00000, 0.00000, 0.00000, 0.00000, 0.00000, 0.00000, 0.00000, 0.00000
