 Yr doy   snow   pool_w1   pool_w2  stat_w1   stat_w2
   1   1     61.65     27.90     20.17      0.46      0.24
   1   2     68.21     27.90     20.18      0.46      0.24
   1   3     74.74     27.90     20.18      0.46      0.24
   1   4     81.45     27.89     20.18      0.46      0.24
   1   5     87.85     27.89     20.19      0.46      0.24
   1   6     94.78     27.89     20.19      0.46      0.24
   1   7    101.59     27.89     20.19      0.46      0.24
   1   8    108.34     27.89     20.20      0.46      0.24
   1   9    114.76     27.89     20.20      0.46      0.24
   1  10    121.15     27.89     20.20      0.46      0.24
   1  11    127.25     27.89     20.21      0.46      0.24
   1  12    133.19     27.89     20.21      0.46      0.24
   1  13    139.12     27.88     20.21      0.46      0.24
   1  14    145.17     27.88     20.22      0.46      0.24
   1  15    151.51     27.88     20.22      0.46      0.24
   1  16    157.92     27.88     20.23      0.46      0.24
   1  17    164.17     27.87     20.23      0.46      0.24
   1  18    170.01     27.87     20.24      0.46      0.24
   1  19    175.88     27.86     20.25      0.46      0.24
   1  20    181.70     27.85     20.25      0.46      0.24
   1  21    188.17     27.85     20.26      0.46      0.24
   1  22    194.55     27.85     20.26      0.46      0.24
   1  23    200.99     27.84     20.27      0.46      0.24
   1  24    207.26     27.84     20.27      0.46      0.24
   1  25    213.18     27.84     20.28      0.46      0.24
   1  26    219.02     27.84     20.29      0.46      0.24
   1  27    224.69     27.84     20.29      0.46      0.24
   1  28    230.19     27.83     20.30      0.46      0.24
   1  29    235.75     27.83     20.30      0.46      0.24
   1  30    241.40     27.83     20.31      0.46      0.24
   1  31    247.01     27.83     20.31      0.46      0.24
   1  32    252.44     27.82     20.32      0.46      0.24
   1  33    258.29     27.82     20.33      0.46      0.24
   1  34    264.06     27.82     20.33      0.46      0.24
   1  35    269.68     27.82     20.34      0.46      0.24
   1  36    275.13     27.82     20.34      0.46      0.24
   1  37    280.52     27.81     20.35      0.46      0.24
   1  38    286.09     27.81     20.35      0.46      0.25
   1  39    291.46     27.81     20.36      0.46      0.25
   1  40    296.54     27.81     20.37      0.46      0.25
   1  41    301.72     27.80     20.37      0.46      0.25
   1  42    306.51     27.80     20.38      0.46      0.25
   1  43    311.18     27.80     20.38      0.46      0.25
   1  44    316.34     27.80     20.39      0.46      0.25
   1  45    321.43     27.80     20.39      0.46      0.25
   1  46    326.45     27.79     20.40      0.46      0.25
   1  47    331.60     27.79     20.40      0.46      0.25
   1  48    336.39     27.79     20.41      0.46      0.25
   1  49    341.26     27.79     20.41      0.46      0.25
   1  50    345.98     27.79     20.42      0.46      0.25
   1  51    350.57     27.78     20.42      0.46      0.25
   1  52    354.94     27.78     20.43      0.46      0.25
   1  53    359.17     27.78     20.43      0.46      0.25
   1  54    363.52     27.78     20.44      0.46      0.25
   1  55    367.90     27.78     20.44      0.46      0.25
   1  56    372.38     27.77     20.45      0.46      0.25
   1  57    376.80     27.77     20.45      0.46      0.25
   1  58    380.83     27.77     20.46      0.46      0.25
   1  59    385.09     27.77     20.46      0.46      0.25
   1  60    389.68     27.77     20.47      0.46      0.25
   1  61    393.99     27.76     20.47      0.46      0.25
   1  62    398.43     27.76     20.48      0.46      0.25
   1  63    403.12     27.76     20.48      0.46      0.25
   1  64    407.61     27.76     20.49      0.46      0.25
   1  65    411.73     27.76     20.49      0.46      0.25
   1  66    415.45     27.76     20.50      0.46      0.25
   1  67    418.91     27.75     20.50      0.46      0.25
   1  68    422.55     27.75     20.51      0.46      0.25
   1  69    426.39     27.75     20.51      0.46      0.25
   1  70    430.57     27.75     20.52      0.46      0.25
   1  71    434.62     27.75     20.52      0.46      0.25
   1  72    438.80     27.75     20.53      0.46      0.25
   1  73    443.02     27.74     20.53      0.46      0.25
   1  74    446.94     27.74     20.54      0.46      0.25
   1  75    450.60     27.74     20.54      0.46      0.25
   1  76    454.26     27.74     20.55      0.46      0.25
   1  77    457.95     27.74     20.55      0.46      0.25
   1  78    461.86     27.74     20.56      0.46      0.25
   1  79    465.65     27.73     20.56      0.46      0.25
   1  80    469.17     27.73     20.56      0.46      0.25
   1  81    472.59     27.73     20.57      0.46      0.25
   1  82    476.11     27.73     20.57      0.46      0.25
   1  83    479.81     27.73     20.57      0.46      0.25
   1  84    483.72     27.73     20.58      0.46      0.25
   1  85    487.39     27.72     20.58      0.46      0.25
   1  86    491.03     27.72     20.59      0.46      0.25
   1  87    494.95     27.72     20.59      0.46      0.25
   1  88    498.53     27.72     20.59      0.46      0.25
   1  89    501.76     27.72     20.60      0.46      0.25
   1  90    504.46     27.72     20.60      0.46      0.25
   1  91    507.11     27.71     20.60      0.46      0.25
   1  92    509.94     27.71     20.61      0.46      0.25
   1  93    513.04     27.71     20.61      0.46      0.25
   1  94    516.21     27.71     20.61      0.46      0.25
   1  95    519.47     27.71     20.62      0.46      0.25
   1  96    522.73     27.71     20.62      0.46      0.25
   1  97    526.02     27.71     20.62      0.46      0.25
   1  98    529.17     27.70     20.63      0.46      0.25
   1  99    532.21     27.70     20.63      0.46      0.25
   1 100    535.03     27.70     20.63      0.46      0.25
   1 101    537.35     27.70     20.64      0.46      0.25
   1 102    539.68     27.70     20.64      0.46      0.25
   1 103    542.22     27.70     20.64      0.46      0.25
   1 104    544.73     27.70     20.64      0.46      0.25
   1 105    547.02     27.69     20.65      0.46      0.25
   1 106    549.15     27.69     20.65      0.46      0.25
   1 107    551.17     27.69     20.65      0.46      0.25
   1 108    553.27     27.69     20.66      0.46      0.25
   1 109    555.62     27.69     20.66      0.46      0.25
   1 110    558.10     27.69     20.66      0.46      0.25
   1 111    560.64     27.69     20.67      0.46      0.25
   1 112    563.24     27.69     20.67      0.46      0.25
   1 113    565.81     27.68     20.67      0.46      0.25
   1 114    568.44     27.68     20.68      0.46      0.25
   1 115    571.09     27.68     20.68      0.46      0.25
   1 116    573.54     27.68     20.68      0.46      0.25
   1 117    575.90     27.68     20.69      0.46      0.25
   1 118    578.31     27.68     20.69      0.46      0.25
   1 119    580.85     27.68     20.69      0.46      0.25
   1 120    583.66     27.68     20.70      0.46      0.25
   1 121    586.58     27.67     20.70      0.46      0.26
   1 122    589.30     27.67     20.70      0.46      0.26
   1 123    591.80     27.67     20.71      0.46      0.26
   1 124    594.12     27.67     20.71      0.46      0.26
   1 125    596.32     27.67     20.71      0.46      0.26
   1 126    598.49     27.67     20.72      0.46      0.26
   1 127    600.53     27.67     20.72      0.46      0.26
   1 128    602.48     27.67     20.72      0.46      0.26
   1 129    604.43     27.66     20.73      0.46      0.26
   1 130    606.40     27.66     20.73      0.46      0.26
   1 131    608.33     27.66     20.74      0.46      0.26
   1 132    610.34     27.66     20.74      0.46      0.26
   1 133    612.49     27.66     20.74      0.46      0.26
   1 134    614.72     27.66     20.75      0.46      0.26
   1 135    617.11     27.66     20.75      0.46      0.26
   1 136    619.56     27.66     20.76      0.46      0.26
   1 137    621.81     27.66     20.76      0.46      0.26
   1 138    624.01     27.65     20.76      0.46      0.26
   1 139    626.26     27.65     20.77      0.46      0.26
   1 140    628.33     27.65     20.77      0.46      0.26
   1 141    630.23     27.65     20.78      0.46      0.26
   1 142    632.08     27.65     20.78      0.46      0.26
   1 143    633.96     27.65     20.78      0.46      0.26
   1 144    635.87     27.65     20.79      0.46      0.26
   1 145    637.73     27.65     20.79      0.46      0.26
   1 146    639.56     27.65     20.80      0.46      0.26
   1 147    641.41     27.64     20.80      0.46      0.26
   1 148    643.43     27.64     20.81      0.46      0.26
   1 149    645.45     27.64     20.81      0.46      0.26
   1 150    647.26     27.64     20.82      0.46      0.26
   1 151    649.03     27.64     20.82      0.46      0.26
   1 152    650.78     27.64     20.82      0.46      0.26
   1 153    652.48     27.64     20.83      0.46      0.26
   1 154    654.18     27.64     20.83      0.46      0.26
   1 155    655.90     27.64     20.84      0.46      0.26
   1 156    657.65     27.63     20.84      0.46      0.26
   1 157    659.44     27.63     20.85      0.46      0.26
   1 158    661.38     27.63     20.85      0.46      0.26
   1 159    663.39     27.63     20.85      0.46      0.26
   1 160    665.38     27.63     20.86      0.46      0.26
   1 161    667.20     27.63     20.86      0.46      0.26
   1 162    668.75     27.63     20.87      0.46      0.26
   1 163    670.35     27.63     20.87      0.46      0.26
   1 164    672.15     27.63     20.87      0.46      0.26
   1 165    674.06     27.62     20.88      0.46      0.26
   1 166    676.03     27.62     20.88      0.46      0.26
   1 167    677.77     27.62     20.88      0.46      0.26
   1 168    679.40     27.62     20.89      0.46      0.26
   1 169    681.33     27.62     20.89      0.46      0.26
   1 170    683.35     27.62     20.89      0.46      0.26
   1 171    685.28     27.62     20.90      0.46      0.26
   1 172    687.17     27.62     20.90      0.46      0.26
   1 173    689.24     27.62     20.90      0.46      0.26
   1 174    691.54     27.62     20.91      0.46      0.26
   1 175    693.82     27.61     20.91      0.46      0.26
   1 176    695.99     27.61     20.91      0.46      0.26
   1 177    698.33     27.61     20.92      0.46      0.26
   1 178    700.91     27.61     20.92      0.46      0.26
   1 179    703.26     27.61     20.92      0.46      0.26
   1 180    705.44     27.61     20.93      0.46      0.26
   1 181    707.69     27.61     20.93      0.46      0.26
   1 182    710.09     27.61     20.93      0.46      0.26
   1 183    712.36     27.61     20.94      0.46      0.26
   1 184    714.56     27.60     20.94      0.46      0.26
   1 185    716.85     27.60     20.94      0.46      0.26
   1 186    719.34     27.60     20.94      0.46      0.26
   1 187    721.88     27.60     20.95      0.46      0.26
   1 188    724.50     27.60     20.95      0.46      0.26
   1 189    727.28     27.60     20.95      0.46      0.26
   1 190    729.97     27.60     20.96      0.46      0.26
   1 191    732.51     27.60     20.96      0.45      0.26
   1 192    735.07     27.60     20.96      0.45      0.26
   1 193    737.38     27.59     20.97      0.45      0.26
   1 194    739.60     27.59     20.97      0.45      0.26
   1 195    741.67     27.59     20.97      0.45      0.26
   1 196    743.90     27.59     20.97      0.45      0.26
   1 197    746.28     27.59     20.98      0.45      0.26
   1 198    748.78     27.59     20.98      0.45      0.26
   1 199    751.38     27.59     20.98      0.45      0.26
   1 200    754.13     27.59     20.99      0.45      0.26
   1 201    756.93     27.59     20.99      0.45      0.26
   1 202    759.81     27.58     20.99      0.45      0.26
   1 203    762.71     27.58     20.99      0.45      0.26
   1 204    765.51     27.58     21.00      0.45      0.26
   1 205    768.12     27.58     21.00      0.45      0.26
   1 206    770.71     27.58     21.00      0.45      0.26
   1 207    773.41     27.58     21.01      0.45      0.26
   1 208    776.44     27.58     21.01      0.45      0.26
   1 209    779.66     27.58     21.01      0.45      0.26
   1 210    782.76     27.58     21.01      0.45      0.26
   1 211    785.70     27.57     21.02      0.45      0.26
   1 212    788.52     27.57     21.02      0.45      0.26
   1 213    791.61     27.57     21.02      0.45      0.26
   1 214    794.69     27.57     21.02      0.45      0.26
   1 215    797.79     27.57     21.03      0.45      0.26
   1 216    800.64     27.57     21.03      0.45      0.26
   1 217    803.56     27.57     21.03      0.45      0.26
   1 218    806.59     27.57     21.03      0.45      0.26
   1 219    809.89     27.56     21.04      0.45      0.26
   1 220    813.11     27.56     21.04      0.45      0.26
   1 221    816.29     27.56     21.04      0.45      0.26
   1 222    819.43     27.56     21.04      0.45      0.27
   1 223    822.25     27.56     21.05      0.45      0.27
   1 224    824.98     27.56     21.05      0.45      0.27
   1 225    828.18     27.56     21.05      0.45      0.27
   1 226    831.68     27.56     21.05      0.45      0.27
   1 227    835.43     27.56     21.06      0.45      0.27
   1 228    839.06     27.55     21.06      0.45      0.27
   1 229    842.08     27.55     21.06      0.45      0.27
   1 230    844.97     27.55     21.06      0.45      0.27
   1 231    848.19     27.55     21.07      0.45      0.27
   1 232    851.70     27.55     21.07      0.45      0.27
   1 233    855.22     27.55     21.07      0.45      0.27
   1 234    858.61     27.55     21.07      0.45      0.27
   1 235    862.19     27.55     21.08      0.45      0.27
   1 236    866.31     27.54     21.08      0.45      0.27
   1 237    870.26     27.54     21.08      0.45      0.27
   1 238    873.89     27.54     21.08      0.45      0.27
   1 239    877.58     27.54     21.09      0.45      0.27
   1 240    881.16     27.54     21.09      0.45      0.27
   1 241    884.58     27.54     21.09      0.45      0.27
   1 242    888.41     27.54     21.09      0.45      0.27
   1 243    892.42     27.54     21.10      0.45      0.27
   1 244    896.58     27.54     21.10      0.45      0.27
   1 245    900.42     27.53     21.10      0.45      0.27
   1 246    903.92     27.53     21.10      0.45      0.27
   1 247    907.45     27.53     21.10      0.45      0.27
   1 248    911.19     27.53     21.11      0.45      0.27
   1 249    915.10     27.53     21.11      0.45      0.27
   1 250    918.99     27.53     21.11      0.45      0.27
   1 251    922.97     27.53     21.11      0.45      0.27
   1 252    927.49     27.53     21.12      0.45      0.27
   1 253    932.19     27.52     21.12      0.45      0.27
   1 254    936.70     27.52     21.12      0.45      0.27
   1 255    940.78     27.52     21.12      0.45      0.27
   1 256    944.83     27.52     21.13      0.45      0.27
   1 257    949.00     27.52     21.13      0.45      0.27
   1 258    953.24     27.52     21.13      0.45      0.27
   1 259    957.26     27.52     21.13      0.45      0.27
   1 260    961.60     27.52     21.13      0.45      0.27
   1 261    965.97     27.51     21.14      0.45      0.27
   1 262    970.35     27.51     21.14      0.45      0.27
   1 263    974.67     27.51     21.14      0.45      0.27
   1 264    978.86     27.51     21.14      0.45      0.27
   1 265    983.15     27.51     21.15      0.45      0.27
   1 266    987.74     27.51     21.15      0.45      0.27
   1 267    992.71     27.51     21.15      0.45      0.27
   1 268    997.77     27.51     21.15      0.45      0.27
   1 269   1002.58     27.50     21.16      0.45      0.27
   1 270   1006.89     27.50     21.16      0.45      0.27
   1 271   1011.48     27.50     21.16      0.45      0.27
   1 272   1016.03     27.50     21.16      0.45      0.27
   1 273   1020.35     27.50     21.16      0.45      0.27
   1 274   1024.61     27.50     21.17      0.45      0.27
   1 275   1028.88     27.50     21.17      0.45      0.27
   1 276   1033.19     27.50     21.17      0.45      0.27
   1 277   1037.82     27.49     21.17      0.45      0.27
   1 278   1043.02     27.49     21.18      0.45      0.27
   1 279   1048.43     27.49     21.18      0.45      0.27
   1 280   1053.58     27.49     21.18      0.45      0.27
   1 281   1058.50     27.49     21.18      0.45      0.27
   1 282   1063.52     27.49     21.18      0.45      0.27
   1 283   1068.83     27.49     21.19      0.45      0.27
   1 284   1074.24     27.48     21.19      0.45      0.27
   1 285   1079.41     27.48     21.19      0.45      0.27
   1 286   1084.53     27.48     21.19      0.45      0.27
   1 287   1089.61     27.48     21.20      0.45      0.27
   1 288   1094.62     27.48     21.20      0.45      0.27
   1 289   1099.42     27.48     21.20      0.45      0.27
   1 290   1103.96     27.48     21.20      0.45      0.27
   1 291   1108.53     27.48     21.20      0.45      0.27
   1 292   1113.46     27.47     21.21      0.45      0.27
   1 293   1118.50     27.47     21.21      0.45      0.27
   1 294   1123.73     27.47     21.21      0.45      0.27
   1 295   1128.99     27.47     21.21      0.45      0.27
   1 296   1134.25     27.47     21.22      0.45      0.27
   1 297   1139.45     27.47     21.22      0.45      0.27
   1 298   1144.94     27.47     21.22      0.45      0.27
   1 299   1150.61     27.46     21.22      0.45      0.27
   1 300   1155.99     27.46     21.22      0.45      0.27
   1 301   1161.57     27.46     21.23      0.45      0.27
   1 302   1166.83     27.46     21.23      0.45      0.27
   1 303   1172.11     27.46     21.23      0.45      0.27
   1 304   1177.40     27.46     21.23      0.45      0.27
   1 305   1182.69     27.46     21.24      0.45      0.27
   1 306   1187.93     27.45     21.24      0.45      0.27
   1 307   1193.41     27.45     21.24      0.45      0.27
   1 308   1198.68     27.45     21.24      0.45      0.27
   1 309   1204.33     27.45     21.25      0.45      0.27
   1 310   1210.29     27.45     21.25      0.45      0.27
   1 311   1216.59     27.45     21.25      0.45      0.27
   1 312   1223.17     27.45     21.25      0.45      0.27
   1 313   1229.63     27.45     21.25      0.45      0.27
   1 314   1236.00     27.44     21.26      0.45      0.27
   1 315   1242.22     27.44     21.26      0.45      0.27
   1 316   1248.36     27.44     21.26      0.45      0.27
   1 317   1254.70     27.44     21.26      0.45      0.27
   1 318   1261.15     27.44     21.27      0.45      0.27
   1 319   1267.45     27.44     21.27      0.45      0.27
   1 320   1273.63     27.43     21.27      0.45      0.27
   1 321   1279.62     27.43     21.27      0.45      0.27
   1 322   1285.31     27.43     21.28      0.45      0.27
   1 323   1290.98     27.43     21.28      0.45      0.27
   1 324   1296.40     27.43     21.28      0.45      0.27
   1 325   1301.84     27.43     21.28      0.45      0.27
   1 326   1307.31     27.43     21.29      0.45      0.27
   1 327   1313.00     27.42     21.29      0.45      0.27
   1 328   1318.91     27.42     21.29      0.45      0.27
   1 329   1324.96     27.42     21.29      0.45      0.27
   1 330   1331.15     27.42     21.29      0.45      0.27
   1 331   1337.52     27.42     21.30      0.45      0.27
   1 332   1344.71     27.42     21.30      0.45      0.27
   1 333   1351.70     27.42     21.30      0.45      0.27
   1 334   1358.44     27.41     21.30      0.45      0.27
   1 335   1365.18     27.41     21.31      0.45      0.27
   1 336   1371.87     27.41     21.31      0.45      0.27
   1 337   1378.59     27.41     21.31      0.45      0.27
   1 338   1385.20     27.41     21.31      0.45      0.27
   1 339   1391.83     27.41     21.32      0.45      0.27
   1 340   1398.97     27.41     21.32      0.45      0.27
   1 341   1406.20     27.40     21.32      0.45      0.27
   1 342   1413.18     27.40     21.32      0.45      0.27
   1 343   1420.09     27.40     21.33      0.45      0.27
   1 344   1427.27     27.40     21.33      0.45      0.27
   1 345   1434.54     27.40     21.33      0.45      0.27
   1 346   1441.71     27.40     21.33      0.45      0.27
   1 347   1448.69     27.39     21.34      0.45      0.27
   1 348   1455.71     27.39     21.34      0.45      0.27
   1 349   1462.78     27.39     21.34      0.45      0.27
   1 350   1469.79     27.39     21.34      0.45      0.27
   1 351   1476.82     27.39     21.35      0.45      0.27
   1 352   1483.65     27.39     21.35      0.45      0.27
   1 353   1490.44     27.38     21.35      0.45      0.27
   1 354   1497.23     27.38     21.36      0.45      0.27
   1 355   1504.02     27.38     21.36      0.45      0.27
   1 356   1510.64     27.38     21.36      0.45      0.27
   1 357   1517.69     27.38     21.36      0.45      0.27
   1 358   1524.74     27.38     21.37      0.45      0.27
   1 359   1531.51     27.37     21.37      0.45      0.27
   1 360   1538.33     27.37     21.37      0.45      0.27
   1 361   1544.93     27.37     21.37      0.45      0.27
   1 362   1551.63     27.37     21.38      0.45      0.27
   1 363   1558.48     27.37     21.38      0.45      0.27
   1 364   1565.31     27.37     21.38      0.45      0.27
   1 365   1572.23     27.36     21.38      0.45      0.27
   2   1   1578.92     27.36     21.39      0.45      0.27
   2   2   1585.56     27.36     21.39      0.45      0.28
   2   3   1592.08     27.36     21.39      0.45      0.28
   2   4   1598.57     27.36     21.40      0.45      0.28
   2   5   1605.25     27.36     21.40      0.45      0.28
   2   6   1611.99     27.36     21.40      0.45      0.28
   2   7   1618.56     27.35     21.40      0.45      0.28
   2   8   1625.40     27.35     21.41      0.45      0.28
   2   9   1631.84     27.35     21.41      0.45      0.28
   2  10   1638.21     27.35     21.41      0.45      0.28
   2  11   1644.40     27.35     21.42      0.45      0.28
   2  12   1650.63     27.35     21.42      0.45      0.28
   2  13   1656.52     27.34     21.42      0.45      0.28
   2  14   1662.49     27.34     21.42      0.45      0.28
   2  15   1668.50     27.34     21.43      0.45      0.28
   2  16   1674.68     27.34     21.43      0.45      0.28
   2  17   1680.73     27.34     21.43      0.45      0.28
   2  18   1686.87     27.34     21.44      0.45      0.28
   2  19   1692.83     27.33     21.44      0.45      0.28
   2  20   1698.73     27.33     21.44      0.45      0.28
   2  21   1704.65     27.33     21.45      0.45      0.28
   2  22   1710.59     27.33     21.45      0.45      0.28
   2  23   1716.27     27.33     21.45      0.45      0.28
   2  24   1721.83     27.33     21.45      0.45      0.28
   2  25   1727.38     27.32     21.46      0.45      0.28
   2  26   1732.83     27.32     21.46      0.45      0.28
   2  27   1738.35     27.32     21.46      0.45      0.28
   2  28   1743.99     27.32     21.47      0.45      0.28
   2  29   1749.84     27.32     21.47      0.45      0.28
   2  30   1755.26     27.32     21.47      0.45      0.28
   2  31   1760.60     27.32     21.48      0.45      0.28
   2  32   1766.02     27.31     21.48      0.45      0.28
   2  33   1771.19     27.31     21.48      0.45      0.28
   2  34   1776.54     27.31     21.49      0.45      0.28
   2  35   1781.96     27.31     21.49      0.45      0.28
   2  36   1787.56     27.31     21.49      0.45      0.28
   2  37   1792.76     27.31     21.50      0.45      0.28
   2  38   1797.78     27.31     21.50      0.45      0.28
   2  39   1802.64     27.30     21.50      0.45      0.28
   2  40   1807.54     27.30     21.51      0.45      0.28
   2  41   1812.53     27.30     21.51      0.45      0.28
   2  42   1817.84     27.30     21.51      0.45      0.28
   2  43   1822.81     27.30     21.52      0.45      0.28
   2  44   1827.37     27.30     21.52      0.45      0.28
   2  45   1831.70     27.30     21.52      0.45      0.28
   2  46   1836.49     27.29     21.53      0.45      0.28
   2  47   1841.50     27.29     21.53      0.45      0.28
   2  48   1846.22     27.29     21.53      0.45      0.28
   2  49   1851.45     27.29     21.54      0.45      0.28
   2  50   1856.94     27.29     21.54      0.45      0.28
   2  51   1862.20     27.29     21.55      0.45      0.28
   2  52   1867.24     27.29     21.55      0.45      0.28
   2  53   1872.06     27.28     21.55      0.45      0.28
   2  54   1876.66     27.28     21.56      0.45      0.28
   2  55   1881.09     27.28     21.56      0.45      0.28
   2  56   1885.37     27.28     21.57      0.45      0.28
   2  57   1889.69     27.28     21.57      0.45      0.28
   2  58   1894.30     27.28     21.57      0.45      0.28
   2  59   1898.96     27.28     21.58      0.45      0.28
   2  60   1903.44     27.28     21.58      0.45      0.28
   2  61   1907.76     27.27     21.59      0.45      0.28
   2  62   1911.84     27.27     21.59      0.45      0.28
   2  63   1915.56     27.27     21.59      0.45      0.28
   2  64   1919.12     27.27     21.60      0.45      0.28
   2  65   1922.75     27.27     21.60      0.45      0.28
   2  66   1926.53     27.27     21.61      0.45      0.28
   2  67   1930.38     27.27     21.61      0.45      0.28
   2  68   1934.10     27.27     21.61      0.45      0.28
   2  69   1937.73     27.26     21.62      0.45      0.28
   2  70   1941.70     27.26     21.62      0.45      0.28
   2  71   1945.62     27.26     21.62      0.45      0.28
   2  72   1949.18     27.26     21.62      0.45      0.28
   2  73   1952.75     27.26     21.63      0.45      0.28
   2  74   1956.46     27.26     21.63      0.45      0.28
   2  75   1960.10     27.26     21.63      0.45      0.28
   2  76   1963.83     27.26     21.63      0.45      0.28
   2  77   1967.35     27.26     21.63      0.45      0.28
   2  78   1970.44     27.25     21.64      0.45      0.28
   2  79   1973.52     27.25     21.64      0.45      0.28
   2  80   1976.86     27.25     21.64      0.45      0.28
   2  81   1979.69     27.25     21.64      0.44      0.28
   2  82   1982.35     27.25     21.64      0.44      0.28
   2  83   1985.14     27.25     21.64      0.44      0.28
   2  84   1988.11     27.25     21.64      0.44      0.28
   2  85   1991.24     27.25     21.64      0.44      0.28
   2  86   1994.58     27.25     21.64      0.44      0.28
   2  87   1997.94     27.25     21.64      0.44      0.28
   2  88   2001.56     27.24     21.64      0.44      0.28
   2  89   2005.42     27.24     21.64      0.44      0.28
   2  90   2009.15     27.24     21.64      0.44      0.28
   2  91   2012.48     27.24     21.64      0.44      0.28
   2  92   2015.24     27.24     21.64      0.44      0.28
   2  93   2017.88     27.24     21.64      0.44      0.28
   2  94   2020.60     27.24     21.64      0.44      0.28
   2  95   2023.57     27.24     21.64      0.44      0.28
   2  96   2026.76     27.24     21.65      0.44      0.28
   2  97   2029.98     27.24     21.65      0.44      0.28
   2  98   2032.53     27.24     21.65      0.44      0.28
   2  99   2034.90     27.23     21.65      0.44      0.28
   2 100   2037.21     27.23     21.65      0.44      0.28
   2 101   2039.58     27.23     21.65      0.44      0.28
   2 102   2042.22     27.23     21.65      0.44      0.28
   2 103   2044.71     27.23     21.65      0.44      0.28
   2 104   2047.09     27.23     21.65      0.44      0.28
   2 105   2049.43     27.23     21.65      0.44      0.28
   2 106   2051.60     27.23     21.65      0.44      0.28
   2 107   2053.71     27.23     21.65      0.44      0.28
   2 108   2055.81     27.23     21.65      0.44      0.28
   2 109   2057.99     27.23     21.65      0.44      0.28
   2 110   2060.36     27.23     21.65      0.44      0.28
   2 111   2062.84     27.22     21.66      0.44      0.28
   2 112   2065.21     27.22     21.66      0.44      0.28
   2 113   2067.19     27.22     21.66      0.44      0.28
   2 114   2069.10     27.22     21.66      0.44      0.28
   2 115   2070.99     27.22     21.66      0.44      0.28
   2 116   2072.94     27.22     21.66      0.44      0.28
   2 117   2074.92     27.22     21.66      0.44      0.28
   2 118   2077.04     27.22     21.66      0.44      0.28
   2 119   2079.16     27.22     21.66      0.44      0.28
   2 120   2081.11     27.22     21.66      0.44      0.28
   2 121   2083.16     27.22     21.66      0.44      0.28
   2 122   2085.31     27.22     21.66      0.44      0.28
   2 123   2087.52     27.22     21.66      0.44      0.28
   2 124   2089.73     27.22     21.66      0.44      0.28
   2 125   2091.93     27.22     21.66      0.44      0.28
   2 126   2094.12     27.21     21.66      0.44      0.28
   2 127   2096.44     27.21     21.67      0.44      0.28
   2 128   2098.90     27.21     21.67      0.44      0.28
   2 129   2100.97     27.21     21.67      0.44      0.28
   2 130   2102.97     27.21     21.67      0.44      0.28
   2 131   2104.98     27.21     21.67      0.44      0.28
   2 132   2106.88     27.21     21.67      0.44      0.28
   2 133   2108.69     27.21     21.67      0.44      0.28
   2 134   2110.60     27.21     21.67      0.44      0.28
   2 135   2112.70     27.21     21.67      0.44      0.28
   2 136   2114.88     27.21     21.67      0.44      0.28
   2 137   2117.11     27.21     21.67      0.44      0.28
   2 138   2119.37     27.21     21.67      0.44      0.28
   2 139   2121.57     27.21     21.67      0.44      0.28
   2 140   2123.80     27.21     21.67      0.44      0.28
