  Yr doy pt       F    Rod   Root   S    Av    Sd   lai lai_o
  1   1 21  *    1.    0.    0.    1.   48.    0.    0.  0.0  0.0
  1   2 21  *    1.    0.    0.    1.   47.    2.    0.  0.0  0.0
  1   3 21  *    1.    0.    0.    1.   45.    4.    0.  0.0  0.0
  1   4 21  *    1.    0.    0.    1.   43.    6.    0.  0.0  0.0
  1   5 21  *    1.    0.    0.    1.   41.    7.    0.  0.0  0.0
  1   6 21  *    1.    0.    0.    1.   40.    9.    0.  0.0  0.0
  1   7 21  *    1.    0.    0.    1.   38.   11.    0.  0.0  0.0
  1   8 21  *    1.    0.    0.    1.   36.   12.    0.  0.0  0.0
  1   9 21  *    1.    0.    0.    1.   34.   14.    0.  0.0  0.0
  1  10 21  *    1.    0.    0.    1.   33.   16.    0.  0.0  0.0
  1  11 21  *    1.    0.    0.    1.   31.   18.    0.  0.0  0.0
  1  12 21  *    1.    0.    0.    1.   29.   19.    0.  0.0  0.0
  1  13 21  *    1.    0.    0.    1.   28.   21.    0.  0.0  0.0
  1  14 21  *    1.    0.    0.    1.   26.   23.    0.  0.0  0.0
  1  15 21  *    1.    0.    0.    1.   24.   24.    0.  0.0  0.0
  1  16 21  *    1.    0.    0.    1.   22.   26.    0.  0.0  0.0
  1  17 21  *    1.    0.    0.    1.   21.   28.    0.  0.0  0.0
  1  18 21  *    1.    0.    0.    1.   19.   30.    0.  0.0  0.0
  1  19 21  *    1.    0.    0.    1.   17.   31.    0.  0.0  0.0
  1  20 21  *    1.    0.    0.    1.   16.   33.    0.  0.0  0.0
  1  21 21  *    1.    0.    0.    1.   14.   35.    0.  0.0  0.0
  1  22 21  *    1.    0.    0.    1.   12.   36.    0.  0.0  0.0
  1  23 21  *    1.    0.    0.    1.   10.   38.    0.  0.0  0.0
  1  24 21  *    1.    0.    0.    1.    9.   40.    0.  0.0  0.0
  1  25 21  *    1.    0.    0.    1.    7.   42.    0.  0.0  0.0
  1  26 21  *    1.    0.    0.    1.    5.   43.    0.  0.0  0.0
  1  27 21  *    1.    0.    0.    1.    3.   45.    0.  0.0  0.0
  1  28 21  *    1.    0.    0.    1.    2.   47.    0.  0.0  0.0
  1  29 21  *    1.    0.    0.    1.    0.   48.    0.  0.0  0.0
  1  30 21  *    1.    0.    0.    1.    0.   48.    0.  0.0  0.0
  1  31 21  *    1.    0.    0.    1.    1.   47.    0.  0.0  0.0
  1  32 21  *    1.    0.    0.    1.    1.   47.    0.  0.0  0.0
  1  33 21  *    1.    0.    0.    1.    1.   47.    0.  0.0  0.0
  1  34 21  *    1.    0.    0.    1.    1.   47.    0.  0.0  0.0
  1  35 21  *    1.    0.    0.    1.    1.   47.    0.  0.0  0.0
  1  36 21  *    1.    0.    0.    1.    1.   47.    0.  0.0  0.0
  1  37 21  *    1.    0.    0.    1.    1.   47.    0.  0.0  0.0
  1  38 21  *    1.    0.    0.    1.    1.   47.    0.  0.0  0.0
  1  39 21  *    1.    0.    0.    1.    1.   47.    0.  0.0  0.0
  1  40 21  *    1.    0.    0.    1.    1.   47.    0.  0.0  0.0
  1  41 21  *    1.    0.    0.    1.    1.   47.    0.  0.0  0.0
  1  42 21  *    1.    0.    0.    1.    1.   47.    0.  0.0  0.0
  1  43 21  *    1.    0.    0.    1.    1.   47.    0.  0.0  0.0
  1  44 21  *    1.    0.    0.    1.    1.   47.    0.  0.0  0.0
  1  45 21  *    1.    0.    0.    1.    1.   47.    0.  0.0  0.0
  1  46 21  *    1.    0.    0.    1.    1.   47.    0.  0.0  0.0
  1  47 21  *    1.    0.    0.    1.    1.   47.    0.  0.0  0.0
  1  48 21  *    1.    0.    0.    1.    1.   47.    0.  0.0  0.0
  1  49 21  *    1.    0.    0.    1.    1.   47.    0.  0.0  0.0
  1  50 21  *    1.    0.    0.    1.    1.   47.    0.  0.0  0.0
  1  51 21  *    1.    0.    0.    1.    1.   47.    0.  0.0  0.0
  1  52 21  *    1.    0.    0.    1.    1.   47.    0.  0.0  0.0
  1  53 21  *    1.    0.    0.    1.    1.   47.    0.  0.0  0.0
  1  54 21  *    1.    0.    0.    1.    1.   47.    0.  0.0  0.0
  1  55 21  *    1.    0.    0.    1.    1.   47.    0.  0.0  0.0
  1  56 21  *    1.    0.    0.    1.    1.   47.    0.  0.0  0.0
  1  57 21  *    1.    0.    0.    1.    1.   47.    0.  0.0  0.0
  1  58 21  *    1.    0.    0.    1.    1.   47.    0.  0.0  0.0
  1  59 21  *    1.    0.    0.    1.    1.   47.    0.  0.0  0.0
  1  60 21  *    1.    0.    0.    1.    1.   47.    0.  0.0  0.0
  1  61 21  *    1.    0.    0.    1.    1.   47.    0.  0.0  0.0
  1  62 21  *    1.    0.    0.    1.    1.   47.    0.  0.0  0.0
  1  63 21  *    1.    0.    0.    1.    1.   47.    0.  0.0  0.0
  1  64 21  *    1.    0.    0.    1.    1.   47.    0.  0.0  0.0
  1  65 21  *    1.    0.    0.    1.    1.   47.    0.  0.0  0.0
  1  66 21  *    1.    0.    0.    1.    1.   47.    0.  0.0  0.0
  1  67 21  *    1.    0.    0.    1.    1.   47.    0.  0.0  0.0
  1  68 21  *    1.    0.    0.    1.    1.   47.    0.  0.0  0.0
  1  69 21  *    1.    0.    0.    1.    1.   47.    0.  0.0  0.0
  1  70 21  *    1.    0.    0.    1.    1.   47.    0.  0.0  0.0
  1  71 21  *    1.    0.    0.    1.    1.   47.    0.  0.0  0.0
  1  72 21  *    1.    0.    0.    1.    1.   47.    0.  0.0  0.0
  1  73 21  *    1.    0.    0.    1.    1.   47.    0.  0.0  0.0
  1  74 21  *    1.    0.    0.    1.    1.   47.    0.  0.0  0.0
  1  75 21  *    1.    0.    0.    1.    1.   47.    0.  0.0  0.0
  1  76 21  *    1.    0.    0.    1.    1.   47.    0.  0.0  0.0
  1  77 21  *    1.    0.    0.    1.    1.   47.    0.  0.0  0.0
  1  78 21  *    1.    0.    0.    1.    1.   47.    0.  0.0  0.0
  1  79 21  *    1.    0.    0.    1.    1.   47.    0.  0.0  0.0
  1  80 21  *    1.    0.    0.    1.    1.   47.    0.  0.0  0.0
  1  81 21  *    1.    0.    0.    1.    1.   47.    0.  0.0  0.0
  1  82 21  *    1.    0.    0.    1.    1.   47.    0.  0.0  0.0
  1  83 21  *    1.    0.    0.    1.    1.   47.    0.  0.0  0.0
  1  84 21  *    1.    0.    0.    1.    1.   47.    0.  0.0  0.0
  1  85 21  *    1.    0.    0.    1.    1.   47.    0.  0.0  0.0
  1  86 21  *    1.    0.    0.    1.    1.   47.    0.  0.0  0.0
  1  87 21  *    1.    0.    0.    1.    1.   47.    0.  0.0  0.0
  1  88 21  *    1.    0.    0.    1.    1.   47.    0.  0.0  0.0
  1  89 21  *    1.    0.    0.    1.    1.   47.    0.  0.0  0.0
  1  90 21  *    1.    0.    0.    1.    1.   47.    0.  0.0  0.0
  1  91 21  *    1.    0.    0.    1.    1.   47.    0.  0.0  0.0
  1  92 21  *    1.    0.    0.    1.    1.   47.    0.  0.0  0.0
  1  93 21  *    1.    0.    0.    1.    1.   47.    0.  0.0  0.0
  1  94 21  *    1.    0.    0.    1.    1.   47.    0.  0.0  0.0
  1  95 21  *    1.    0.    0.    1.    1.   47.    0.  0.0  0.0
  1  96 21  *    1.    0.    0.    1.    1.   47.    0.  0.0  0.0
  1  97 21  *    1.    0.    0.    1.    1.   47.    0.  0.0  0.0
  1  98 21  *    1.    0.    0.    1.    1.   47.    0.  0.0  0.0
  1  99 21  *    1.    0.    0.    1.    1.   47.    0.  0.0  0.0
  1 100 21  *    1.    0.    0.    1.    1.   47.    0.  0.0  0.0
  1 101 21  *    1.    0.    0.    1.    1.   47.    0.  0.0  0.0
  1 102 21  *    1.    0.    0.    1.    1.   47.    0.  0.0  0.0
  1 103 21  *    1.    0.    0.    1.    1.   47.    0.  0.0  0.0
  1 104 21  *    1.    0.    0.    1.    1.   47.    0.  0.0  0.0
  1 105 21  *    1.    0.    0.    1.    1.   47.    0.  0.0  0.0
  1 106 21  *    1.    0.    0.    1.    1.   47.    0.  0.0  0.0
  1 107 21  *    1.    0.    0.    1.    1.   47.    0.  0.0  0.0
  1 108 21  *    1.    0.    0.    1.    1.   47.    0.  0.0  0.0
  1 109 21  *    1.    0.    0.    1.    1.   47.    0.  0.0  0.0
  1 110 21  *    1.    0.    0.    1.    1.   47.    0.  0.0  0.0
  1 111 21  *    1.    0.    0.    1.    1.   47.    0.  0.0  0.0
  1 112 21  *    1.    0.    0.    1.    1.   47.    0.  0.0  0.0
  1 113 21  *    1.    0.    0.    1.    1.   47.    0.  0.0  0.0
  1 114 21  *    1.    0.    0.    1.    1.   47.    0.  0.0  0.0
  1 115 21  *    1.    0.    0.    1.    1.   47.    0.  0.0  0.0
  1 116 21  *    1.    0.    0.    1.    1.   47.    0.  0.0  0.0
  1 117 21  *    1.    0.    0.    1.    1.   47.    0.  0.0  0.0
  1 118 21  *    1.    0.    0.    1.    1.   47.    0.  0.0  0.0
  1 119 21  *    1.    0.    0.    1.    1.   47.    0.  0.0  0.0
  1 120 21  *    1.    0.    0.    1.    1.   47.    0.  0.0  0.0
  1 121 21  *    1.    0.    0.    1.    1.   47.    0.  0.0  0.0
  1 122 21  *    1.    0.    0.    1.    1.   47.    0.  0.0  0.0
  1 123 21  *    1.    0.    0.    1.    1.   47.    0.  0.0  0.0
  1 124 21  *    1.    0.    0.    1.    1.   47.    0.  0.0  0.0
  1 125 21  *    1.    0.    0.    1.    1.   47.    0.  0.0  0.0
  1 126 21  *    1.    0.    0.    1.    1.   47.    0.  0.0  0.0
  1 127 21  *    1.    0.    0.    1.    1.   47.    0.  0.0  0.0
  1 128 21  *    1.    0.    0.    1.    1.   47.    0.  0.0  0.0
  1 129 21  *    1.    0.    0.    1.    1.   47.    0.  0.0  0.0
  1 130 21  *    1.    0.    0.    1.    1.   47.    0.  0.0  0.0
  1 131 21  *    1.    0.    0.    1.    1.   47.    0.  0.0  0.0
  1 132 21  *    1.    0.    0.    1.    1.   47.    0.  0.0  0.0
  1 133 21  *    1.    0.    0.    1.    1.   47.    0.  0.0  0.0
  1 134 21  *    1.    0.    0.    1.    1.   47.    0.  0.0  0.0
  1 135 21  *    1.    0.    0.    1.    1.   47.    0.  0.0  0.0
  1 136 21  *    1.    0.    0.    1.    1.   47.    0.  0.0  0.0
  1 137 21  *    1.    0.    0.    1.    1.   47.    0.  0.0  0.0
  1 138 21  *    1.    0.    0.    1.    1.   47.    0.  0.0  0.0
  1 139 21  *    1.    0.    0.    1.    1.   47.    0.  0.0  0.0
  1 140 21  *    1.    0.    0.    1.    1.   47.    0.  0.0  0.0
  1 141 21  *    1.    0.    0.    1.    1.   47.    0.  0.0  0.0
  1 142 21  *    1.    0.    0.    1.    1.   47.    0.  0.0  0.0
  1 143 21  *    1.    0.    0.    1.    1.   47.    0.  0.0  0.0
  1 144 21  *    1.    0.    0.    1.    1.   47.    0.  0.0  0.0
  1 145 21  *    1.    0.    0.    1.    1.   47.    0.  0.0  0.0
  1 146 21  *    1.    0.    0.    1.    1.   47.    0.  0.0  0.0
  1 147 21  *    1.    0.    0.    1.    1.   47.    0.  0.0  0.0
  1 148 21  *    1.    0.    0.    1.    1.   47.    0.  0.0  0.0
  1 149 21  *    1.    0.    0.    1.    1.   47.    0.  0.0  0.0
  1 150 21  *    1.    0.    0.    1.    1.   47.    0.  0.0  0.0
  1 151 21  *    1.    0.    0.    1.    1.   47.    0.  0.0  0.0
  1 152 21  *    1.    0.    0.    1.    1.   47.    0.  0.0  0.0
  1 153 21  *    1.    0.    0.    1.    1.   47.    0.  0.0  0.0
  1 154 21  *    1.    0.    0.    1.    1.   47.    0.  0.0  0.0
  1 155 21  *    1.    0.    0.    1.    1.   47.    0.  0.0  0.0
  1 156 21  *    1.    0.    0.    1.    1.   47.    0.  0.0  0.0
  1 157 21  *    1.    0.    0.    1.    1.   47.    0.  0.0  0.0
  1 158 21  *    1.    0.    0.    1.    1.   47.    0.  0.0  0.0
  1 159 21  *    1.    0.    0.    1.    1.   47.    0.  0.0  0.0
  1 160 21  *    1.    0.    0.    1.    1.   47.    0.  0.0  0.0
  1 161 21  *    1.    0.    0.    1.    1.   47.    0.  0.0  0.0
  1 162 21  *    1.    0.    0.    1.    1.   47.    0.  0.0  0.0
  1 163 21  *    1.    0.    0.    1.    1.   47.    0.  0.0  0.0
  1 164 21  *    1.    0.    0.    1.    1.   47.    0.  0.0  0.0
  1 165 21  *    1.    0.    0.    1.    1.   47.    0.  0.0  0.0
  1 166 21  *    1.    0.    0.    1.    1.   47.    0.  0.0  0.0
  1 167 21  *    1.    0.    0.    1.    1.   47.    0.  0.0  0.0
  1 168 21  *    1.    0.    0.    1.    1.   47.    0.  0.0  0.0
  1 169 21  *    1.    0.    0.    1.    1.   47.    0.  0.0  0.0
  1 170 21  *    1.    0.    0.    1.    1.   47.    0.  0.0  0.0
  1 171 21  *    1.    0.    0.    1.    1.   47.    0.  0.0  0.0
  1 172 21  *    1.    0.    0.    1.    1.   47.    0.  0.0  0.0
  1 173 21  *    1.    0.    0.    1.    1.   47.    0.  0.0  0.0
  1 174 21  *    1.    0.    0.    1.    1.   47.    0.  0.0  0.0
  1 175 21  *    1.    0.    0.    1.    1.   47.    0.  0.0  0.0
  1 176 21  *    1.    0.    0.    1.    1.   47.    0.  0.0  0.0
  1 177 21  *    1.    0.    0.    1.    1.   47.    0.  0.0  0.0
  1 178 21  *    1.    0.    0.    1.    1.   47.    0.  0.0  0.0
  1 179 21  *    1.    0.    0.    1.    1.   47.    0.  0.0  0.0
  1 180 21  *    1.    0.    0.    1.    1.   47.    0.  0.0  0.0
  1 181 21  *    1.    0.    0.    1.    1.   47.    0.  0.0  0.0
  1 182 21  *    1.    0.    0.    1.    1.   47.    0.  0.0  0.0
  1 183 21  *    1.    0.    0.    1.    1.   47.    0.  0.0  0.0
  1 184 21  *    1.    0.    0.    1.    1.   47.    0.  0.0  0.0
  1 185 21  *    1.    0.    0.    1.    1.   47.    0.  0.0  0.0
  1 186 21  *    1.    0.    0.    1.    1.   47.    0.  0.0  0.0
  1 187 21  *    1.    0.    0.    1.    1.   47.    0.  0.0  0.0
  1 188 21  *    1.    0.    0.    1.    1.   47.    0.  0.0  0.0
  1 189 21  *    1.    0.    0.    1.    1.   47.    0.  0.0  0.0
  1 190 21  *    1.    0.    0.    1.    1.   47.    0.  0.0  0.0
  1 191 21  *    1.    0.    0.    1.    1.   47.    0.  0.0  0.0
  1 192 21  *    1.    0.    0.    1.    1.   47.    0.  0.0  0.0
  1 193 21  *    1.    0.    0.    1.    1.   47.    0.  0.0  0.0
  1 194 21  *    1.    0.    0.    1.    1.   47.    0.  0.0  0.0
  1 195 21  *    1.    0.    0.    1.    1.   47.    0.  0.0  0.0
  1 196 21  *    1.    0.    0.    1.    1.   47.    0.  0.0  0.0
  1 197 21  *    1.    0.    0.    1.    1.   47.    0.  0.0  0.0
  1 198 21  *    1.    0.    0.    1.    1.   47.    0.  0.0  0.0
  1 199 21  *    1.    0.    0.    1.    1.   47.    0.  0.0  0.0
  1 200 21  *    1.    0.    0.    1.    1.   47.    0.  0.0  0.0
  1 201 21  *    1.    0.    0.    1.    1.   47.    0.  0.0  0.0
  1 202 21  *    1.    0.    0.    1.    1.   47.    0.  0.0  0.0
  1 203 21  *    1.    0.    0.    1.    1.   47.    0.  0.0  0.0
  1 204 21  *    1.    0.    0.    1.    1.   47.    0.  0.0  0.0
  1 205 21  *    1.    0.    0.    1.    1.   47.    0.  0.0  0.0
  1 206 21  *    1.    0.    0.    1.    1.   47.    0.  0.0  0.0
  1 207 21  *    1.    0.    0.    1.    1.   47.    0.  0.0  0.0
  1 208 21  *    1.    0.    0.    1.    1.   47.    0.  0.0  0.0
  1 209 21  *    1.    0.    0.    1.    1.   47.    0.  0.0  0.0
  1 210 21  *    1.    0.    0.    1.    1.   47.    0.  0.0  0.0
  1 211 21  *    1.    0.    0.    1.    1.   47.    0.  0.0  0.0
  1 212 21  *    1.    0.    0.    1.    1.   47.    0.  0.0  0.0
  1 213 21  *    1.    0.    0.    1.    1.   47.    0.  0.0  0.0
  1 214 21  *    1.    0.    0.    1.    1.   47.    0.  0.0  0.0
  1 215 21  *    1.    0.    0.    1.    1.   47.    0.  0.0  0.0
  1 216 21  *    1.    0.    0.    1.    1.   47.    0.  0.0  0.0
  1 217 21  *    1.    0.    0.    1.    1.   47.    0.  0.0  0.0
  1 218 21  *    1.    0.    0.    1.    1.   47.    0.  0.0  0.0
  1 219 21  *    1.    0.    0.    1.    1.   47.    0.  0.0  0.0
  1 220 21  *    1.    0.    0.    1.    1.   47.    0.  0.0  0.0
  1 221 21  *    1.    0.    0.    1.    1.   47.    0.  0.0  0.0
  1 222 21  *    1.    0.    0.    1.    1.   47.    0.  0.0  0.0
  1 223 21  *    1.    0.    0.    1.    1.   47.    0.  0.0  0.0
  1 224 21  *    1.    0.    0.    1.    1.   47.    0.  0.0  0.0
  1 225 21  *    1.    0.    0.    1.    1.   47.    0.  0.0  0.0
  1 226 21  *    1.    0.    0.    1.    1.   47.    0.  0.0  0.0
  1 227 21  *    1.    0.    0.    1.    1.   47.    0.  0.0  0.0
  1 228 21  *    1.    0.    0.    1.    1.   47.    0.  0.0  0.0
  1 229 21  *    1.    0.    0.    1.    1.   47.    0.  0.0  0.0
  1 230 21  *    1.    0.    0.    1.    1.   47.    0.  0.0  0.0
  1 231 21  *    1.    0.    0.    1.    1.   47.    0.  0.0  0.0
  1 232 21  *    1.    0.    0.    1.    1.   47.    0.  0.0  0.0
  1 233 21  *    1.    0.    0.    1.    1.   47.    0.  0.0  0.0
  1 234 21  *    1.    0.    0.    1.    1.   47.    0.  0.0  0.0
  1 235 21  *    1.    0.    0.    1.    1.   47.    0.  0.0  0.0
  1 236 21  *    1.    0.    0.    1.    1.   47.    0.  0.0  0.0
  1 237 21  *    1.    0.    0.    1.    1.   47.    0.  0.0  0.0
  1 238 21  *    1.    0.    0.    1.    1.   47.    0.  0.0  0.0
  1 239 21  *    1.    0.    0.    1.    1.   47.    0.  0.0  0.0
  1 240 21  *    1.    0.    0.    1.    1.   47.    0.  0.0  0.0
  1 241 21  *    1.    0.    0.    1.    1.   47.    0.  0.0  0.0
  1 242 21  *    1.    0.    0.    1.    1.   47.    0.  0.0  0.0
  1 243 21  *    1.    0.    0.    1.    1.   47.    0.  0.0  0.0
  1 244 21  *    1.    0.    0.    1.    1.   47.    0.  0.0  0.0
  1 245 21  *    1.    0.    0.    1.    1.   47.    0.  0.0  0.0
  1 246 21  *    1.    0.    0.    1.    1.   47.    0.  0.0  0.0
  1 247 21  *    1.    0.    0.    1.    1.   47.    0.  0.0  0.0
  1 248 21  *    1.    0.    0.    1.    1.   47.    0.  0.0  0.0
  1 249 21  *    1.    0.    0.    1.    1.   46.    0.  0.0  0.0
  1 250 21  *    1.    0.    0.    1.    1.   46.    0.  0.0  0.0
  1 251 21  *    1.    0.    0.    1.    1.   46.    0.  0.0  0.0
  1 252 21  *    1.    0.    0.    1.    1.   46.    0.  0.0  0.0
  1 253 21  *    1.    0.    0.    1.    1.   46.    0.  0.0  0.0
  1 254 21  *    1.    0.    0.    1.    1.   46.    0.  0.0  0.0
  1 255 21  *    1.    0.    0.    1.    1.   46.    0.  0.0  0.0
  1 256 21  *    1.    0.    0.    1.    1.   46.    0.  0.0  0.0
  1 257 21  *    1.    0.    0.    1.    1.   46.    0.  0.0  0.0
  1 258 21  *    1.    0.    0.    1.    1.   46.    0.  0.0  0.0
  1 259 21  *    1.    0.    0.    1.    1.   46.    0.  0.0  0.0
  1 260 21  *    1.    0.    0.    1.    1.   46.    0.  0.0  0.0
  1 261 21  *    1.    0.    0.    1.    1.   46.    0.  0.0  0.0
  1 262 21  *    1.    0.    0.    1.    1.   46.    0.  0.0  0.0
  1 263 21  *    1.    0.    0.    1.    1.   46.    0.  0.0  0.0
  1 264 21  *    1.    0.    0.    1.    1.   46.    0.  0.0  0.0
  1 265 21  *    1.    0.    0.    1.    1.   46.    0.  0.0  0.0
  1 266 21  *    1.    0.    0.    1.    1.   46.    0.  0.0  0.0
  1 267 21  *    1.    0.    0.    1.    1.   46.    0.  0.0  0.0
  1 268 21  *    1.    0.    0.    1.    1.   46.    0.  0.0  0.0
  1 269 21  *    1.    0.    0.    1.    1.   46.    0.  0.0  0.0
  1 270 21  *    1.    0.    0.    1.    1.   46.    0.  0.0  0.0
  1 271 21  *    1.    0.    0.    1.    1.   46.    0.  0.0  0.0
  1 272 21  *    1.    0.    0.    1.    1.   46.    0.  0.0  0.0
  1 273 21  *    1.    0.    0.    1.    1.   46.    0.  0.0  0.0
  1 274 21  *    1.    0.    0.    1.    1.   46.    0.  0.0  0.0
  1 275 21  *    1.    0.    0.    1.    1.   46.    0.  0.0  0.0
  1 276 21  *    1.    0.    0.    1.    1.   46.    0.  0.0  0.0
  1 277 21  *    1.    0.    0.    1.    1.   46.    0.  0.0  0.0
  1 278 21  *    1.    0.    0.    1.    1.   46.    0.  0.0  0.0
  1 279 21  *    1.    0.    0.    1.    1.   46.    0.  0.0  0.0
  1 280 21  *    1.    0.    0.    1.    1.   46.    0.  0.0  0.0
  1 281 21  *    1.    0.    0.    1.    1.   46.    0.  0.0  0.0
  1 282 21  *    1.    0.    0.    1.    1.   46.    0.  0.0  0.0
  1 283 21  *    1.    0.    0.    1.    1.   46.    0.  0.0  0.0
  1 284 21  *    1.    0.    0.    1.    1.   46.    0.  0.0  0.0
  1 285 21  *    1.    0.    0.    1.    1.   46.    0.  0.0  0.0
  1 286 21  *    1.    0.    0.    1.    1.   46.    0.  0.0  0.0
  1 287 21  *    1.    0.    0.    1.    1.   46.    0.  0.0  0.0
  1 288 21  *    1.    0.    0.    1.    1.   46.    0.  0.0  0.0
  1 289 21  *    1.    0.    0.    1.    1.   46.    0.  0.0  0.0
  1 290 21  *    1.    0.    0.    1.    1.   46.    0.  0.0  0.0
  1 291 21  *    1.    0.    0.    1.    1.   46.    0.  0.0  0.0
  1 292 21  *    1.    0.    0.    1.    1.   46.    0.  0.0  0.0
  1 293 21  *    1.    0.    0.    1.    1.   46.    0.  0.0  0.0
  1 294 21  *    1.    0.    0.    1.    1.   46.    0.  0.0  0.0
  1 295 21  *    1.    0.    0.    1.    1.   46.    0.  0.0  0.0
  1 296 21  *    1.    0.    0.    1.    1.   46.    0.  0.0  0.0
  1 297 21  *    1.    0.    0.    1.    1.   46.    0.  0.0  0.0
  1 298 21  *    1.    0.    0.    1.    1.   46.    0.  0.0  0.0
  1 299 21  *    1.    0.    0.    1.    1.   46.    0.  0.0  0.0
  1 300 21  *    1.    0.    0.    1.    1.   46.    0.  0.0  0.0
  1 301 21  *    1.    0.    0.    1.    1.   46.    0.  0.0  0.0
  1 302 21  *    1.    0.    0.    1.    1.   46.    0.  0.0  0.0
  1 303 21  *    1.    0.    0.    1.    1.   46.    0.  0.0  0.0
  1 304 21  *    1.    0.    0.    1.    1.   46.    0.  0.0  0.0
  1 305 21  *    1.    0.    0.    1.    1.   46.    0.  0.0  0.0
  1 306 21  *    1.    0.    0.    1.    1.   46.    0.  0.0  0.0
  1 307 21  *    1.    0.    0.    1.    1.   46.    0.  0.0  0.0
  1 308 21  *    1.    0.    0.    1.    1.   46.    0.  0.0  0.0
  1 309 21  *    1.    0.    0.    1.    1.   46.    0.  0.0  0.0
  1 310 21  *    1.    0.    0.    1.    1.   46.    0.  0.0  0.0
  1 311 21  *    1.    0.    0.    1.    1.   46.    0.  0.0  0.0
  1 312 21  *    1.    0.    0.    1.    1.   46.    0.  0.0  0.0
  1 313 21  *    1.    0.    0.    1.    1.   46.    0.  0.0  0.0
  1 314 21  *    1.    0.    0.    1.    1.   46.    0.  0.0  0.0
  1 315 21  *    1.    0.    0.    1.    1.   46.    0.  0.0  0.0
  1 316 21  *    1.    0.    0.    1.    1.   46.    0.  0.0  0.0
  1 317 21  *    1.    0.    0.    1.    1.   46.    0.  0.0  0.0
  1 318 21  *    1.    0.    0.    1.    1.   46.    0.  0.0  0.0
  1 319 21  *    1.    0.    0.    1.    1.   46.    0.  0.0  0.0
  1 320 21  *    1.    0.    0.    1.    1.   46.    0.  0.0  0.0
  1 321 21  *    1.    0.    0.    1.    1.   46.    0.  0.0  0.0
  1 322 21  *    1.    0.    0.    1.    1.   46.    0.  0.0  0.0
  1 323 21  *    1.    0.    0.    1.    1.   46.    0.  0.0  0.0
  1 324 21  *    1.    0.    0.    1.    1.   46.    0.  0.0  0.0
  1 325 21  *    1.    0.    0.    1.    1.   46.    0.  0.0  0.0
  1 326 21  *    1.    0.    0.    1.    1.   46.    0.  0.0  0.0
  1 327 21  *    1.    0.    0.    1.    1.   46.    0.  0.0  0.0
  1 328 21  *    1.    0.    0.    1.    1.   46.    0.  0.0  0.0
  1 329 21  *    1.    0.    0.    1.    1.   46.    0.  0.0  0.0
  1 330 21  *    1.    0.    0.    1.    1.   46.    0.  0.0  0.0
  1 331 21  *    1.    0.    0.    1.    1.   46.    0.  0.0  0.0
  1 332 21  *    1.    0.    0.    1.    1.   46.    0.  0.0  0.0
  1 333 21  *    1.    0.    0.    1.    1.   46.    0.  0.0  0.0
  1 334 21  *    1.    0.    0.    1.    1.   46.    0.  0.0  0.0
  1 335 21  *    1.    0.    0.    1.    1.   46.    0.  0.0  0.0
  1 336 21  *    1.    0.    0.    1.    1.   46.    0.  0.0  0.0
  1 337 21  *    1.    0.    0.    1.    1.   46.    0.  0.0  0.0
  1 338 21  *    1.    0.    0.    1.    1.   46.    0.  0.0  0.0
  1 339 21  *    1.    0.    0.    1.    1.   46.    0.  0.0  0.0
  1 340 21  *    1.    0.    0.    1.    1.   46.    0.  0.0  0.0
  1 341 21  *    1.    0.    0.    1.    1.   46.    0.  0.0  0.0
  1 342 21  *    1.    0.    0.    1.    1.   46.    0.  0.0  0.0
  1 343 21  *    1.    0.    0.    1.    1.   46.    0.  0.0  0.0
  1 344 21  *    1.    0.    0.    1.    1.   46.    0.  0.0  0.0
  1 345 21  *    1.    0.    0.    1.    1.   46.    0.  0.0  0.0
  1 346 21  *    1.    0.    0.    1.    1.   46.    0.  0.0  0.0
  1 347 21  *    1.    0.    0.    1.    1.   46.    0.  0.0  0.0
  1 348 21  *    1.    0.    0.    1.    1.   46.    0.  0.0  0.0
  1 349 21  *    1.    0.    0.    1.    1.   46.    0.  0.0  0.0
  1 350 21  *    1.    0.    0.    1.    1.   46.    0.  0.0  0.0
  1 351 21  *    1.    0.    0.    1.    1.   46.    0.  0.0  0.0
  1 352 21  *    1.    0.    0.    1.    1.   46.    0.  0.0  0.0
  1 353 21  *    1.    0.    0.    1.    1.   46.    0.  0.0  0.0
  1 354 21  *    1.    0.    0.    1.    1.   46.    0.  0.0  0.0
  1 355 21  *    1.    0.    0.    1.    1.   46.    0.  0.0  0.0
  1 356 21  *    1.    0.    0.    1.    1.   46.    0.  0.0  0.0
  1 357 21  *    1.    0.    0.    1.    1.   46.    0.  0.0  0.0
  1 358 21  *    1.    0.    0.    1.    1.   46.    0.  0.0  0.0
  1 359 21  *    1.    0.    0.    1.    1.   46.    0.  0.0  0.0
  1 360 21  *    1.    0.    0.    1.    1.   46.    0.  0.0  0.0
  1 361 21  *    1.    0.    0.    1.    1.   46.    0.  0.0  0.0
  1 362 21  *    1.    0.    0.    1.    1.   46.    0.  0.0  0.0
  1 363 21  *    1.    0.    0.    1.    1.   46.    0.  0.0  0.0
  1 364 21  *    1.    0.    0.    1.    1.   46.    0.  0.0  0.0
  1 365 23  *    1.    0.    0.    0.   50.    0.   46.  0.0  0.0
  2   1 23  *    1.    0.    0.    0.   50.    0.   46.  0.0  0.0
  2   2 23  *    1.    0.    0.    0.   50.    0.   46.  0.0  0.0
  2   3 23  *    1.    0.    0.    0.   50.    0.   46.  0.0  0.0
  2   4 23  *    1.    0.    0.    0.   50.    0.   46.  0.0  0.0
  2   5 23  *    1.    0.    0.    0.   50.    0.   46.  0.0  0.0
  2   6 23  *    1.    0.    0.    0.   50.    0.   46.  0.0  0.0
  2   7 23  *    1.    0.    0.    0.   50.    0.   46.  0.0  0.0
  2   8 23  *    1.    0.    0.    0.   50.    0.   46.  0.0  0.0
  2   9 23  *    1.    0.    0.    0.   50.    0.   46.  0.0  0.0
  2  10 23  *    1.    0.    0.    0.   50.    0.   46.  0.0  0.0
  2  11 23  *    1.    0.    0.    0.   50.    0.   46.  0.0  0.0
  2  12 23  *    1.    0.    0.    0.   50.    0.   46.  0.0  0.0
  2  13 23  *    1.    0.    0.    0.   50.    0.   46.  0.0  0.0
  2  14 23  *    1.    0.    0.    0.   50.    0.   46.  0.0  0.0
  2  15 23  *    1.    0.    0.    0.   50.    0.   46.  0.0  0.0
  2  16 23  *    1.    0.    0.    0.   50.    0.   45.  0.0  0.0
  2  17 23  *    1.    0.    0.    0.   50.    0.   45.  0.0  0.0
  2  18 23  *    1.    0.    0.    0.   50.    0.   45.  0.0  0.0
  2  19 23  *    1.    0.    0.    0.   50.    0.   45.  0.0  0.0
  2  20 23  *    1.    0.    0.    0.   50.    0.   45.  0.0  0.0
  2  21 23  *    1.    0.    0.    0.   50.    0.   45.  0.0  0.0
  2  22 23  *    1.    0.    0.    0.   50.    0.   45.  0.0  0.0
  2  23 23  *    1.    0.    0.    0.   50.    0.   45.  0.0  0.0
  2  24 23  *    1.    0.    0.    0.   50.    0.   45.  0.0  0.0
  2  25 23  *    1.    0.    0.    0.   50.    0.   45.  0.0  0.0
  2  26 23  *    1.    0.    0.    0.   50.    0.   45.  0.0  0.0
  2  27 23  *    1.    0.    0.    0.   50.    0.   45.  0.0  0.0
  2  28 23  *    1.    0.    0.    0.   50.    0.   45.  0.0  0.0
  2  29 23  *    1.    0.    0.    0.   50.    0.   45.  0.0  0.0
  2  30 23  *    1.    0.    0.    0.   50.    0.   45.  0.0  0.0
  2  31 23  *    1.    0.    0.    0.   50.    0.   45.  0.0  0.0
  2  32 23  *    1.    0.    0.    0.   50.    0.   45.  0.0  0.0
  2  33 23  *    1.    0.    0.    0.   50.    0.   45.  0.0  0.0
  2  34 23  *    1.    0.    0.    0.   50.    0.   45.  0.0  0.0
  2  35 23  *    1.    0.    0.    0.   50.    0.   45.  0.0  0.0
  2  36 23  *    1.    0.    0.    0.   50.    0.   45.  0.0  0.0
  2  37 23  *    1.    0.    0.    0.   50.    0.   45.  0.0  0.0
  2  38 23  *    1.    0.    0.    0.   50.    0.   45.  0.0  0.0
  2  39 23  *    1.    0.    0.    0.   50.    0.   45.  0.0  0.0
  2  40 23  *    1.    0.    0.    0.   50.    0.   45.  0.0  0.0
  2  41 23  *    1.    0.    0.    0.   50.    0.   45.  0.0  0.0
  2  42 23  *    1.    0.    0.    0.   50.    0.   45.  0.0  0.0
  2  43 23  *    1.    0.    0.    0.   50.    0.   45.  0.0  0.0
  2  44 23  *    1.    0.    0.    0.   50.    0.   45.  0.0  0.0
  2  45 23  *    1.    0.    0.    0.   50.    0.   45.  0.0  0.0
  2  46 23  *    1.    0.    0.    0.   50.    0.   44.  0.0  0.0
  2  47 23  *    1.    0.    0.    0.   50.    0.   44.  0.0  0.0
  2  48 23  *    1.    0.    0.    0.   50.    0.   44.  0.0  0.0
  2  49 23  *    1.    0.    0.    0.   50.    0.   44.  0.0  0.0
  2  50 23  *    1.    0.    0.    0.   50.    0.   44.  0.0  0.0
  2  51 23  *    1.    0.    0.    0.   50.    0.   44.  0.0  0.0
  2  52 23  *    1.    0.    0.    0.   50.    0.   44.  0.0  0.0
  2  53 23  *    1.    0.    0.    0.   50.    0.   44.  0.0  0.0
  2  54 23  *    1.    0.    0.    0.   50.    0.   44.  0.0  0.0
  2  55 23  *    1.    0.    0.    0.   50.    0.   44.  0.0  0.0
  2  56 23  *    1.    0.    0.    0.   50.    0.   44.  0.0  0.0
  2  57 23  *    1.    0.    0.    0.   50.    0.   44.  0.0  0.0
  2  58 23  *    1.    0.    0.    0.   50.    0.   44.  0.0  0.0
  2  59 23  *    1.    0.    0.    0.   50.    0.   44.  0.0  0.0
  2  60 23  *    1.    0.    0.    0.   50.    0.   44.  0.0  0.0
  2  61 23  *    1.    0.    0.    0.   50.    0.   44.  0.0  0.0
  2  62 23  *    1.    0.    0.    0.   50.    0.   44.  0.0  0.0
  2  63 23  *    1.    0.    0.    0.   50.    0.   44.  0.0  0.0
  2  64 23  *    1.    0.    0.    0.   50.    0.   44.  0.0  0.0
  2  65 23  *    1.    0.    0.    0.   50.    0.   44.  0.0  0.0
  2  66 23  *    1.    0.    0.    0.   50.    0.   44.  0.0  0.0
  2  67 23  *    1.    0.    0.    0.   50.    0.   44.  0.0  0.0
  2  68 23  *    1.    0.    0.    0.   50.    0.   44.  0.0  0.0
  2  69 23  *    1.    0.    0.    0.   50.    0.   44.  0.0  0.0
  2  70 23  *    1.    0.    0.    0.   50.    0.   44.  0.0  0.0
  2  71 23  *    1.    0.    0.    0.   50.    0.   44.  0.0  0.0
  2  72 23  *    1.    0.    0.    0.   50.    0.   44.  0.0  0.0
  2  73 23  *    1.    0.    0.    0.   50.    0.   44.  0.0  0.0
  2  74 23  *    1.    0.    0.    0.   50.    0.   44.  0.0  0.0
  2  75 23  *    1.    0.    0.    0.   50.    0.   44.  0.0  0.0
  2  76 23  *    1.    0.    0.    0.   50.    0.   43.  0.0  0.0
  2  77 23  *    1.    0.    0.    0.   50.    0.   43.  0.0  0.0
  2  78 23  *    1.    0.    0.    0.   50.    0.   43.  0.0  0.0
  2  79 23  *    1.    0.    0.    0.   50.    0.   43.  0.0  0.0
  2  80 23  *    1.    0.    0.    0.   50.    0.   43.  0.0  0.0
  2  81 23  *    1.    0.    0.    0.   50.    0.   43.  0.0  0.0
  2  82 23  *    1.    0.    0.    0.   50.    0.   43.  0.0  0.0
  2  83 23  *    1.    0.    0.    0.   50.    0.   43.  0.0  0.0
  2  84 23  *    1.    0.    0.    0.   50.    0.   43.  0.0  0.0
  2  85 23  *    1.    0.    0.    0.   50.    0.   43.  0.0  0.0
  2  86 23  *    1.    0.    0.    0.   50.    0.   43.  0.0  0.0
  2  87 23  *    1.    0.    0.    0.   50.    0.   43.  0.0  0.0
  2  88 23  *    1.    0.    0.    0.   50.    0.   43.  0.0  0.0
  2  89 23  *    1.    0.    0.    0.   50.    0.   43.  0.0  0.0
  2  90 23  *    1.    0.    0.    0.   50.    0.   43.  0.0  0.0
  2  91 23  *    1.    0.    0.    0.   50.    0.   43.  0.0  0.0
  2  92 23  *    1.    0.    0.    0.   50.    0.   43.  0.0  0.0
  2  93 23  *    1.    0.    0.    0.   50.    0.   43.  0.0  0.0
  2  94 23  *    1.    0.    0.    0.   50.    0.   43.  0.0  0.0
  2  95 23  *    1.    0.    0.    0.   50.    0.   43.  0.0  0.0
  2  96 23  *    1.    0.    0.    0.   50.    0.   43.  0.0  0.0
  2  97 23  *    1.    0.    0.    0.   50.    0.   43.  0.0  0.0
  2  98 23  *    1.    0.    0.    0.   50.    0.   43.  0.0  0.0
  2  99 23  *    1.    0.    0.    0.   50.    0.   43.  0.0  0.0
  2 100 23  *    1.    0.    0.    0.   50.    0.   43.  0.0  0.0
  2 101 23  *    1.    0.    0.    0.   50.    0.   43.  0.0  0.0
  2 102 23  *    1.    0.    0.    0.   50.    0.   43.  0.0  0.0
  2 103 23  *    1.    0.    0.    0.   50.    0.   43.  0.0  0.0
  2 104 23  *    1.    0.    0.    0.   50.    0.   43.  0.0  0.0
  2 105 23  *    1.    0.    0.    0.   50.    0.   43.  0.0  0.0
  2 106 23  *    1.    0.    0.    0.   50.    0.   43.  0.0  0.0
  2 107 23  *    1.    0.    0.    0.   50.    0.   42.  0.0  0.0
  2 108 23  *    1.    0.    0.    0.   50.    0.   42.  0.0  0.0
  2 109 23  *    1.    0.    0.    0.   50.    0.   42.  0.0  0.0
  2 110 23  *    1.    0.    0.    0.   50.    0.   42.  0.0  0.0
  2 111 23  *    1.    0.    0.    0.   50.    0.   42.  0.0  0.0
  2 112 23  *    1.    0.    0.    0.   50.    0.   42.  0.0  0.0
  2 113 23  *    1.    0.    0.    0.   50.    0.   42.  0.0  0.0
  2 114 23  *    1.    0.    0.    0.   50.    0.   42.  0.0  0.0
  2 115 23  *    1.    0.    0.    0.   50.    0.   42.  0.0  0.0
  2 116 23  *    1.    0.    0.    0.   50.    0.   42.  0.0  0.0
  2 117 23  *    1.    0.    0.    0.   50.    0.   42.  0.0  0.0
  2 118 23  *    1.    0.    0.    0.   50.    0.   42.  0.0  0.0
  2 119 23  *    1.    0.    0.    0.   50.    0.   42.  0.0  0.0
  2 120 23  *    1.    0.    0.    0.   50.    0.   42.  0.0  0.0
  2 121 23  *    1.    0.    0.    0.   50.    0.   42.  0.0  0.0
  2 122 23  *    1.    0.    0.    0.   50.    0.   42.  0.0  0.0
  2 123 23  *    1.    0.    0.    0.   50.    0.   42.  0.0  0.0
  2 124 23  *    1.    0.    0.    0.   50.    0.   42.  0.0  0.0
  2 125 23  *    1.    0.    0.    0.   50.    0.   42.  0.0  0.0
  2 126 23  *    1.    0.    0.    0.   50.    0.   42.  0.0  0.0
  2 127 23  *    1.    0.    0.    0.   50.    0.   42.  0.0  0.0
  2 128 23  *    1.    0.    0.    0.   50.    0.   42.  0.0  0.0
  2 129 23  *    1.    0.    0.    0.   50.    0.   42.  0.0  0.0
  2 130 23  *    1.    0.    0.    0.   50.    0.   42.  0.0  0.0
  2 131 23  *    1.    0.    0.    0.   50.    0.   42.  0.0  0.0
  2 132 23  *    1.    0.    0.    0.   50.    0.   42.  0.0  0.0
  2 133 23  *    1.    0.    0.    0.   50.    0.   42.  0.0  0.0
  2 134 23  *    1.    0.    0.    0.   50.    0.   42.  0.0  0.0
  2 135 23  *    1.    0.    0.    0.   50.    0.   42.  0.0  0.0
  2 136 23  *    1.    0.    0.    0.   50.    0.   42.  0.0  0.0
  2 137 23  *    1.    0.    0.    0.   50.    0.   42.  0.0  0.0
  2 138 23  *    1.    0.    0.    0.   50.    0.   42.  0.0  0.0
  2 139 23  *    1.    0.    0.    0.   50.    0.   41.  0.0  0.0
  2 140 23  *    1.    0.    0.    0.   50.    0.   41.  0.0  0.0
